2513	-84	-220
2513	31	-200
2513	167	-180
2513	300	-160
2513	431	-140
2513	559	-120
2513	686	-100
2513	812	-80
2513	936	-60
2513	1059	-40
2513	1180	-20
2513	1301	0
2513	1420	20
2513	1539	40
2513	1656	60
2513	1772	80
2513	1887	100
2513	2002	120
2513	2115	140
2513	2339	180
2513	2449	200
2513	2558	220
2513	2774	260
2513	2985	300
2513	3090	320
2513	3296	360
2513	3398	380
2513	3498	400
2513	3697	440
2513	3892	480
2513	3988	500
2513	4084	520
2562	85	90
2562	98	85
2562	113	80
2562	132	75
2562	153	70
2562	179	65
2562	209	60
2562	246	55
2562	289	50
2562	341	45
2562	402	40
2562	476	35
2562	563	30
2562	667	25
2562	788	20
2562	929	15
2562	1093	10
2562	1277	5
2562	1484	0
2562	1709	-5
2562	1950	-10
2562	2199	-15
2562	2449	-20
2562	2692	-25
2562	2920	-30
2562	3127	-35
2562	3310	-40
2562	3465	-45
2562	3593	-50
25	5	90
25	6	85
25	7	80
25	8	75
25	10	70
25	11	65
25	13	60
25	15	55
25	18	50
25	21	45
25	25	40
25	30	35
25	35	30
25	42	25
25	49	20
25	58	15
25	68	10
25	80	5
25	93	0
25	107	-5
25	122	-10
25	137	-15
25	153	-20
25	168	-25
25	183	-30
25	195	-35
25	207	-40
25	217	-45
25	225	-50
25	231	-55
25	255	-73.6374
26	5	90
26	6	85
26	7	80
26	8	75
26	10	70
26	11	65
26	13	60
26	15	55
26	18	50
26	21	45
26	25	40
26	30	35
26	35	30
26	42	25
26	49	20
26	58	15
26	68	10
26	80	5
26	93	0
26	107	-5
26	122	-10
26	137	-15
26	153	-20
26	168	-25
26	183	-30
26	195	-35
26	207	-40
26	217	-45
26	225	-50
26	231	-55
26	255	-73.6374
27	5	90
27	6	85
27	7	80
27	8	75
27	10	70
27	11	65
27	13	60
27	15	55
27	18	50
27	21	45
27	25	40
27	30	35
27	35	30
27	42	25
27	49	20
27	58	15
27	68	10
27	80	5
27	93	0
27	107	-5
27	122	-10
27	137	-15
27	153	-20
27	168	-25
27	183	-30
27	195	-35
27	207	-40
27	217	-45
27	225	-50
27	231	-55
28	13	74
28	14	70
28	16	65
28	19	60
28	20	58
28	22	56
28	26	50
28	31	45
28	36	40
28	42	35
28	49	30
28	54	27
28	58	25
28	61	23
28	65	21
28	69	19
28	74	17
28	78	15
28	83	13
28	88	11
28	93	9
28	97	7
28	103	5
28	118	0
28	132	-5
28	147	-10
28	162	-15
28	176	-20
28	189	-25
29	0	0
29	23	-1.157
29	255	-6.627
30	0	0
30	1	-.153
30	21	-1.157
30	255	-6.769
31	0	0
31	255	-675
31	50	-137.2
32	0	0
32	23	3.896
32	255	15.2
33	0	-33.27
33	106	27.02
33	11	-18.26
33	142	39.9
33	19	-11.93
33	255	80.11
33	29	-5.71
33	42	1.07
33	5	-25.35
33	72	14.13
34	0	0
34	255	3
35	5	90
35	6	85
35	7	80
35	8	75
35	10	70
35	11	65
35	13	60
35	15	55
35	18	50
35	21	45
35	25	40
35	30	35
35	35	30
35	42	25
35	49	20
35	58	15
35	68	10
35	80	5
35	93	0
35	107	-5
35	122	-10
35	137	-15
35	153	-20
35	168	-25
35	183	-30
35	195	-35
35	207	-40
35	217	-45
35	225	-50
35	231	-55
36	5	90
36	6	85
36	7	80
36	8	75
36	10	70
36	11	65
36	13	60
36	15	55
36	18	50
36	21	45
36	25	40
36	30	35
36	35	30
36	42	25
36	49	20
36	58	15
36	68	10
36	80	5
36	93	0
36	107	-5
36	122	-10
36	137	-15
36	153	-20
36	168	-25
36	183	-30
36	195	-35
36	207	-40
36	217	-45
36	225	-50
36	231	-55
37	5	90
37	6	85
37	7	80
37	8	75
37	10	70
37	11	65
37	13	60
37	15	55
37	18	50
37	21	45
37	25	40
37	30	35
37	35	30
37	42	25
37	49	20
37	58	15
37	68	10
37	80	5
37	93	0
37	107	-5
37	122	-10
37	137	-15
37	153	-20
37	168	-25
37	183	-30
37	195	-35
37	207	-40
37	217	-45
37	225	-50
37	231	-55
37	255	-74
2313	5	90
2313	6	85
2313	7	80
2313	8	75
2313	10	70
2313	11	65
2313	13	60
2313	15	55
2313	18	50
2313	21	45
2313	25	40
2313	30	35
2313	35	30
2313	42	25
2313	49	20
2313	58	15
2313	68	10
2313	80	5
2313	93	0
2313	107	-5
2313	122	-10
2313	137	-15
2313	153	-20
2313	168	-25
2313	183	-30
2313	195	-35
2313	207	-40
2313	217	-45
2313	225	-50
2313	231	-55
2314	18	-220
2314	34	-200
2314	49	-180
2314	64	-160
2314	77	-140
2314	89	-120
2314	100	-100
2314	111	-80
2314	121	-60
2314	131	-40
2314	140	-20
2314	148	0
2314	156	20
2314	164	40
2314	171	60
2314	178	80
2314	185	100
2314	197	140
2314	208	180
2314	219	220
2314	255	360
38	144	70
38	149	60
38	155	50
38	162	40
38	169	30
38	182	10
38	188	0
38	192	-10
38	195	-20
38	197	-30
38	198	-40
38	199	-50
38	200	-70
39	144	70
39	149	60
39	155	50
39	162	40
39	169	30
39	182	10
39	188	0
39	192	-10
39	195	-20
39	197	-30
39	198	-40
39	199	-50
39	200	-70
2315	5	90
2315	6	85
2315	7	80
2315	8	75
2315	10	70
2315	11	65
2315	13	60
2315	15	55
2315	18	50
2315	21	45
2315	25	40
2315	30	35
2315	35	30
2315	42	25
2315	49	20
2315	0	123
2315	58	15
2315	68	10
2315	80	5
2315	93	0
2315	107	-5
2315	122	-10
2315	137	-15
2315	153	-20
2315	168	-25
2315	183	-30
2315	195	-35
2315	207	-40
2315	217	-45
2315	225	-50
2315	231	-55
40	-1000	-25.0782
40	-1250	-31.9964
40	-1500	-38.9005
40	-1750	-45.7908
40	-2000	-52.6672
40	-2250	-59.53
40	-250	-4.239
40	-2500	-66.379
40	-2750	-73.2145
40	-3000	-80.0365
40	-3250	-86.8451
40	-3500	-93.6403
40	-3750	-100.4223
40	-4000	-107.1911
40	-500	-11.1996
40	-750	-18.146
40	0	2.7356
40	1000	30.7807
40	1250	37.8286
40	1500	44.8914
40	1750	51.9693
40	2000	59.0621
40	2250	66.1701
40	250	9.7252
40	2500	73.2934
40	2750	80.432
40	3000	87.5861
40	3250	94.7558
40	3500	101.9411
40	3750	109.1422
40	4000	116.3591
40	500	16.729
40	750	23.7476
3144	-1000	-44.919847
3144	-1250	-56.030027
3144	-1500	-66.582521
3144	-1750	-76.618429
3144	-2000	-86.174898
3144	-2250	-95.285583
3144	-250	-7.760795
3144	-2500	-103.981052
3144	-2750	-112.289136
3144	-3000	-120.235221
3144	-3250	-127.842522
3144	-3500	-135.132303
3144	-3750	-142.12408
3144	-4000	-148.835801
3144	-500	-20.838905
3144	-750	-33.206384
3144	0	6.091324
3144	1000	70.808889
3144	1250	89.804538
3144	1500	110.172377
3144	1750	132.067976
3144	2000	155.671588
3144	2250	181.193302
3144	250	20.78864
3144	2500	208.879565
3144	2750	239.021514
3144	3000	271.965757
3144	3250	308.12848
3144	3500	348.014193
3144	3750	392.241019
3144	4000	441.575447
3144	500	36.411404
3144	750	53.050427
42	5	90
42	6	85
42	7	80
42	8	75
42	10	70
42	11	65
42	13	60
42	15	55
42	18	50
42	21	45
42	25	40
42	30	35
42	35	30
42	42	25
42	49	20
42	58	15
42	68	10
42	80	5
42	93	0
42	107	-5
42	122	-10
42	137	-15
42	153	-20
42	168	-25
42	183	-30
42	195	-35
42	207	-40
42	217	-45
42	225	-50
42	231	-55
42	255	-73.6374
43	0	2
43	1	4
43	2	16
43	3	64
44	0	32
44	1	64
44	2	128
44	3	256
44	4	512
44	5	1024
44	6	2048
44	7	4096
45	0	1
45	1	2
45	2	4
45	3	8
45	4	16
45	5	32
45	6	64
45	7	128
45	8	256
46	5	90
46	6	85
46	7	80
46	8	75
46	10	70
46	11	65
46	13	60
46	15	55
46	18	50
46	21	45
46	25	40
46	30	35
46	35	30
46	42	25
46	49	20
46	58	15
46	68	10
46	80	5
46	93	0
46	107	-5
46	122	-10
46	137	-15
46	153	-20
46	168	-25
46	183	-30
46	195	-35
46	207	-40
46	217	-45
46	225	-50
46	231	-55
46	255	-73.6374
47	5	90
47	6	85
47	7	80
47	8	75
47	10	70
47	11	65
47	13	60
47	15	55
47	18	50
47	21	45
47	25	40
47	30	35
47	35	30
47	42	25
47	49	20
47	58	15
47	68	10
47	80	5
47	93	0
47	107	-5
47	122	-10
47	137	-15
47	153	-20
47	168	-25
47	183	-30
47	195	-35
47	207	-40
47	217	-45
47	225	-50
47	231	-55
47	255	-73.6374
48	5	90
48	6	85
48	7	80
48	8	75
48	10	70
48	11	65
48	13	60
48	15	55
48	18	50
48	21	45
48	25	40
48	30	35
48	35	30
48	42	25
48	49	20
48	58	15
48	68	10
48	80	5
48	93	0
48	107	-5
48	122	-10
48	137	-15
48	153	-20
48	168	-25
48	183	-30
48	195	-35
48	207	-40
48	217	-45
48	225	-50
48	231	-55
49	5	90
49	6	85
49	7	80
49	8	75
49	10	70
49	11	65
49	13	60
49	15	55
49	18	50
49	21	45
49	25	40
49	30	35
49	35	30
49	42	25
49	49	20
49	58	15
49	68	10
49	80	5
49	93	0
49	107	-5
49	122	-10
49	137	-15
49	153	-20
49	168	-25
49	183	-30
49	195	-35
49	207	-40
49	217	-45
49	225	-50
49	231	-55
50	5	90
50	6	85
50	7	80
50	8	75
50	10	70
50	11	65
50	13	60
50	15	55
50	18	50
50	21	45
50	25	40
50	30	35
50	35	30
50	42	25
50	49	20
50	58	15
50	68	10
50	80	5
50	93	0
50	107	-5
50	122	-10
50	137	-15
50	153	-20
50	168	-25
50	183	-30
50	195	-35
50	207	-40
50	217	-45
50	225	-50
50	231	-55
51	5	90
51	6	85
51	7	80
51	8	75
51	10	70
51	11	65
51	13	60
51	15	55
51	18	50
51	21	45
51	25	40
51	30	35
51	35	30
51	42	25
51	49	20
51	58	15
51	68	10
51	80	5
51	93	0
51	107	-5
51	122	-10
51	137	-15
51	153	-20
51	168	-25
51	183	-30
51	195	-35
51	207	-40
51	217	-45
51	225	-50
51	231	-55
2613	0	0
2613	1	1
3056	0	0
3056	60	1
2996	0	-65
2996	108	72.5
2996	128	83.5
2996	13	2.5
2996	149	95.5
2996	178	116
2996	18	10
2996	189	126
2996	25	19
2996	3	-28
2996	37	30
2996	57	44
2996	80	57
2996	9	-5
3015	0	-90
3015	108	20
3015	128	28
3015	13	-34.5
3015	149	37.5
3015	178	52.5
3015	18	-29
3015	189	60
3015	25	-22
3015	3	-59
3015	37	-13
3015	57	-2
3015	6	-48
3015	80	8.5
3015	9	-41
53	0	0
53	255	2.5
2514	0	-229.02
2514	1100	-64.3907
2514	1125	-57.76040625
2514	1150	-51.001725
2514	1175	-44.11465625
2514	1200	-37.0992
2514	1225	-29.95535625
2514	1250	-22.683125
2514	1275	-15.28250625
2514	1300	-7.7535
2514	1325	-.09610625
2514	1350	7.689675
2514	1375	15.60384375
2514	1400	23.6464
2514	1425	31.81734375
2514	1450	40.116675
2514	1475	48.54439375
2514	1500	57.1005
2514	1525	65.78499375
2514	1550	74.597875
2514	1575	83.53914375
2514	1600	92.6088
2514	1625	101.8068438
2514	1650	111.133275
2514	1675	120.5880938
2514	1700	130.1713
2514	1725	139.8828938
2514	1750	149.722875
2514	1775	159.6912438
2514	1800	169.788
2514	1825	180.0131438
2514	4095	1643.539348
2797	0	230.5
2797	1000	78.217
2797	1100	73.10374593
2797	1200	68.59975936
2797	1300	64.54381519
2797	1400	60.80860512
2797	1500	57.29678125
2797	1600	53.93699968
2797	1700	50.67996411
2797	1800	47.49446944
2797	1900	44.36344537
2797	2000	41.28
2797	2100	38.24346343
2797	2200	35.25543136
2797	2300	32.31580869
2797	2400	29.41885312
2797	2500	26.54921875
2797	2600	23.67799968
2797	2700	20.75877361
2797	2800	17.72364544
2797	2900	14.47929087
2797	3000	10.903
2797	3100	6.83872093
2797	3200	2.09310336
2797	3300	-3.56845781
2797	3400	-10.42577888
2797	3500	-18.80784375
2797	3600	-29.09676032
2797	3700	-41.73171689
2797	3800	-57.21293856
2797	4095	-125.2258692
2797	900	84.13861987
2798	0	-.096298
2798	1000	.136802
2798	1100	.160112
2798	1200	.183422
2798	1300	.206732
2798	1400	.230042
2798	1500	.253352
2798	1600	.276662
2798	1700	.299972
2798	1800	.323282
2798	1900	.346592
2798	2000	.369902
2798	2100	.393212
2798	2200	.416522
2798	2300	.439832
2798	2400	.463142
2798	2500	.486452
2798	2600	.509762
2798	2700	.533072
2798	2800	.556382
2798	2900	.579692
2798	3000	.603002
2798	3100	.626312
2798	3200	.649622
2798	3300	.672932
2798	3400	.696242
2798	3500	.719552
2798	3600	.742862
2798	3700	.766172
2798	3800	.789482
2798	3900	.812792
2798	4095	.8582465
2799	0	-.08266
2799	1000	.11883
2799	1100	.138979
2799	1200	.159128
2799	1300	.179277
2799	1400	.199426
2799	1500	.219575
2799	1600	.239724
2799	1700	.259873
2799	1800	.280022
2799	1900	.300171
2799	2000	.32032
2799	2100	.340469
2799	2200	.360618
2799	2300	.380767
2799	2400	.400916
2799	2500	.421065
2799	2600	.441214
2799	2700	.461363
2799	2800	.481512
2799	2900	.501661
2799	3000	.52181
2799	3100	.541959
2799	3200	.562108
2799	3300	.582257
2799	3400	.602406
2799	3500	.622555
2799	3600	.642704
2799	3700	.662853
2799	3800	.683002
2799	4095	.74244155
2799	900	.098681
2800	0	-.12859
2800	1000	.15699
2800	1100	.185548
2800	1200	.214106
2800	1300	.242664
2800	1400	.271222
2800	1500	.29978
2800	1600	.328338
2800	1700	.356896
2800	1800	.385454
2800	1900	.414012
2800	2000	.44257
2800	2100	.471128
2800	2200	.499686
2800	2300	.528244
2800	2400	.556802
2800	2500	.58536
2800	2600	.613918
2800	2700	.642476
2800	2800	.671034
2800	2900	.699592
2800	3000	.72815
2800	3100	.756708
2800	3200	.785266
2800	3300	.813824
2800	3400	.842382
2800	3500	.87094
2800	3600	.899498
2800	3700	.928056
2800	3800	.956614
2800	4095	1.0408601
2800	900	.128432
2801	0	-.10104
2801	1000	.11299
2801	1100	.134393
2801	1200	.155796
2801	1300	.177199
2801	1400	.198602
2801	1500	.220005
2801	1600	.241408
2801	1700	.262811
2801	1800	.284214
2801	1900	.305617
2801	2000	.32702
2801	2100	.348423
2801	2200	.369826
2801	2300	.391229
2801	2400	.412632
2801	2500	.434035
2801	2600	.455438
2801	2700	.476841
2801	2800	.498244
2801	2900	.519647
2801	3000	.54105
2801	3100	.562453
2801	3200	.583856
2801	3300	.605259
2801	3400	.626662
2801	3500	.648065
2801	3600	.669468
2801	3700	.690871
2801	3800	.712274
2801	3900	.733677
2801	4095	.77541285
2802	0	445.051
2802	2060	171.0195
2802	2120	163.038
2802	2180	155.0565
2802	2240	147.075
2802	2300	139.0935
2802	2360	131.112
2802	2420	123.1305
2802	2480	115.149
2802	2540	107.1675
2802	2600	99.186
2802	2660	91.2045
2802	2720	83.223
2802	2780	75.2415
2802	2840	67.26
2802	2900	59.2785
2802	2960	51.297
2802	3020	43.3155
2802	3080	35.334
2802	3140	27.3525
2802	3200	19.371
2802	3260	11.3895
2802	3320	3.408
2802	3380	-4.5735
2802	3440	-12.555
2802	3500	-20.5365
2802	3560	-28.518
2802	3620	-36.4995
2802	3680	-44.481
2802	3740	-52.4625
2802	3800	-60.444
2802	4095	-99.686375
2803	0	-68.449
2803	100	-62.859
2803	1000	-12.549
2803	1100	-6.959
2803	1200	-1.369
2803	1300	4.221
2803	1400	9.811
2803	1500	15.401
2803	1600	20.991
2803	1700	26.581
2803	1800	32.171
2803	1900	37.761
2803	200	-57.269
2803	2000	43.351
2803	2100	48.941
2803	2200	54.531
2803	2300	60.121
2803	2400	65.711
2803	2500	71.301
2803	2600	76.891
2803	2700	82.481
2803	2800	88.071
2803	2900	93.661
2803	300	-51.679
2803	3000	99.251
2803	400	-46.089
2803	4095	160.4615
2803	500	-40.499
2803	600	-34.909
2803	700	-29.319
2803	800	-23.729
2803	900	-18.139
2804	0	-69.711
2804	100	-64.0933
2804	1000	-13.534
2804	1100	-7.9163
2804	1200	-2.2986
2804	1300	3.3191
2804	1400	8.9368
2804	1500	14.5545
2804	1600	20.1722
2804	1700	25.7899
2804	1800	31.4076
2804	1900	37.0253
2804	200	-58.4756
2804	2000	42.643
2804	2100	48.2607
2804	2200	53.8784
2804	2300	59.4961
2804	2400	65.1138
2804	2500	70.7315
2804	2600	76.3492
2804	2700	81.9669
2804	2800	87.5846
2804	2900	93.2023
2804	300	-52.8579
2804	3000	98.82
2804	400	-47.2402
2804	4095	160.333815
2804	500	-41.6225
2804	600	-36.0048
2804	700	-30.3871
2804	800	-24.7694
2804	900	-19.1517
2805	0	-70.65
2805	100	-65.0496
2805	1000	-14.646
2805	1100	-9.0456
2805	1200	-3.4452
2805	1300	2.1552
2805	1400	7.7556
2805	1500	13.356
2805	1600	18.9564
2805	1700	24.5568
2805	1800	30.1572
2805	1900	35.7576
2805	200	-59.4492
2805	2000	41.358
2805	2100	46.9584
2805	2200	52.5588
2805	2300	58.1592
2805	2400	63.7596
2805	2500	69.36
2805	2600	74.9604
2805	2700	80.5608
2805	2800	86.1612
2805	2900	91.7616
2805	300	-53.8488
2805	3000	97.362
2805	400	-48.2484
2805	4095	158.68638
2805	500	-42.648
2805	600	-37.0476
2805	700	-31.4472
2805	800	-25.8468
2805	900	-20.2464
2806	0	-69.239
2806	100	-63.6413
2806	1000	-13.262
2806	1100	-7.6643
2806	1200	-2.0666
2806	1300	3.5311
2806	1400	9.1288
2806	1500	14.7265
2806	1600	20.3242
2806	1700	25.9219
2806	1800	31.5196
2806	1900	37.1173
2806	200	-58.0436
2806	2000	42.715
2806	2100	48.3127
2806	2200	53.9104
2806	2300	59.5081
2806	2400	65.1058
2806	2500	70.7035
2806	2600	76.3012
2806	2700	81.8989
2806	2800	87.4966
2806	2900	93.0943
2806	300	-52.4459
2806	3000	98.692
2806	400	-46.8482
2806	4095	159.986815
2806	500	-41.2505
2806	600	-35.6528
2806	700	-30.0551
2806	800	-24.4574
2806	900	-18.8597
2807	0	-68.348
2807	100	-62.719
2807	1000	-12.058
2807	1100	-6.429
2807	1200	-.8
2807	1300	4.829
2807	1400	10.458
2807	1500	16.087
2807	1600	21.716
2807	1700	27.345
2807	1800	32.974
2807	1900	38.603
2807	200	-57.09
2807	2000	44.232
2807	2100	49.861
2807	2200	55.49
2807	2300	61.119
2807	2400	66.748
2807	2500	72.377
2807	2600	78.006
2807	2700	83.635
2807	2800	89.264
2807	2900	94.893
2807	300	-51.461
2807	3000	100.522
2807	400	-45.832
2807	4095	162.15955
2807	500	-40.203
2807	600	-34.574
2807	700	-28.945
2807	800	-23.316
2807	900	-17.687
2808	0	-319.59
2808	1260	-115.9362
2808	1320	-106.2384
2808	1380	-96.5406
2808	1440	-86.8428
2808	1500	-77.145
2808	1560	-67.4472
2808	1620	-57.7494
2808	1680	-48.0516
2808	1740	-38.3538
2808	1800	-28.656
2808	1860	-18.9582
2808	1920	-9.2604
2808	1980	.4374
2808	2040	10.1352
2808	2100	19.833
2808	2160	29.5308
2808	2220	39.2286
2808	2280	48.9264
2808	2340	58.6242
2808	2400	68.322
2808	2460	78.0198
2808	2520	87.7176
2808	2580	97.4154
2808	2640	107.1132
2808	2700	116.811
2808	2760	126.5088
2808	2820	136.2066
2808	2880	145.9044
2808	2940	155.6022
2808	3000	165.3
2808	4095	342.28485
2809	0	-268.6
2809	1040	689.5728
2809	1115	758.6718
2809	1190	827.7708
2809	1265	896.8698
2809	1340	965.9688
2809	1415	1035.0678
2809	1490	1104.1668
2809	1565	1173.2658
2809	1640	1242.3648
2809	1715	1311.4638
2809	1790	1380.5628
2809	1865	1449.6618
2809	1940	1518.7608
2809	2015	1587.8598
2809	2090	1656.9588
2809	2165	1726.0578
2809	2240	1795.1568
2809	2315	1864.2558
2809	2390	1933.3548
2809	2465	2002.4538
2809	290	-1.4172
2809	365	67.6818
2809	4095	3504.2054
2809	440	136.7808
2809	515	205.8798
2809	590	274.9788
2809	665	344.0778
2809	740	413.1768
2809	815	482.2758
2809	890	551.3748
2809	965	620.4738
2810	0	-76.17
2810	1100	162.541
2810	1220	188.5822
2810	1340	214.6234
2810	1460	240.6646
2810	1580	266.7058
2810	1700	292.747
2810	1820	318.7882
2810	1940	344.8294
2810	2060	370.8706
2810	2180	396.9118
2810	2300	422.953
2810	2420	448.9942
2810	2540	475.0354
2810	2660	501.0766
2810	2780	527.1178
2810	2900	553.159
2810	3020	579.2002
2810	3140	605.2414
2810	3260	631.2826
2810	3380	657.3238
2810	3500	683.365
2810	3620	709.4062
2810	3740	735.4474
2810	3860	761.4886
2810	3980	787.5298
2810	4095	812.48595
2810	500	32.335
2810	620	58.3762
2810	740	84.4174
2810	860	110.4586
2810	980	136.4998
2811	0	-43.43
2811	1040	193.6692
2811	1160	221.0268
2811	1280	248.3844
2811	1400	275.742
2811	1520	303.0996
2811	1640	330.4572
2811	1760	357.8148
2811	1880	385.1724
2811	200	2.166
2811	2000	412.53
2811	2120	439.8876
2811	2240	467.2452
2811	2360	494.6028
2811	2480	521.9604
2811	2600	549.318
2811	2720	576.6756
2811	2840	604.0332
2811	2960	631.3908
2811	3080	658.7484
2811	320	29.5236
2811	3200	686.106
2811	3320	713.4636
2811	3440	740.8212
2811	3560	768.1788
2811	3680	795.5364
2811	4095	890.1481
2811	440	56.8812
2811	560	84.2388
2811	680	111.5964
2811	800	138.954
2811	920	166.3116
3179	0	-257.98
3179	1040	667.8176
3179	1115	734.58185
3179	1190	801.3461
3179	1265	868.11035
3179	1340	934.8746
3179	1415	1001.63885
3179	1490	1068.4031
3179	1565	1135.16735
3179	1640	1201.9316
3179	1715	1268.69585
3179	1790	1335.4601
3179	1865	1402.22435
3179	1940	1468.9886
3179	2015	1535.75285
3179	2090	1602.5171
3179	2165	1669.28135
3179	2240	1736.0456
3179	2315	1802.80985
3179	2390	1869.5741
3179	2465	1936.33835
3179	290	.1751
3179	365	66.93935
3179	4095	3387.34805
3179	440	133.7036
3179	515	200.46785
3179	590	267.2321
3179	665	333.99635
3179	740	400.7606
3179	815	467.52485
3179	890	534.2891
3179	965	601.05335
3180	0	44.71
3180	1100	296.401
3180	1220	323.8582
3180	1340	351.3154
3180	1460	378.7726
3180	1580	406.2298
3180	1700	433.687
3180	1820	461.1442
3180	1940	488.6014
3180	2060	516.0586
3180	2180	543.5158
3180	2300	570.973
3180	2420	598.4302
3180	2540	625.8874
3180	2660	653.3446
3180	2780	680.8018
3180	2900	708.259
3180	3020	735.7162
3180	3140	763.1734
3180	3260	790.6306
3180	3380	818.0878
3180	3500	845.545
3180	3620	873.0022
3180	3740	900.4594
3180	3860	927.9166
3180	3980	955.3738
3180	4095	981.68695
3180	500	159.115
3180	620	186.5722
3180	740	214.0294
3180	860	241.4866
3180	980	268.9438
3181	0	-46.79
3181	1040	177.0284
3181	1160	202.8536
3181	1280	228.6788
3181	1400	254.504
3181	1520	280.3292
3181	1640	306.1544
3181	1760	331.9796
3181	1880	357.8048
3181	200	-3.748
3181	2000	383.63
3181	2120	409.4552
3181	2240	435.2804
3181	2360	461.1056
3181	2480	486.9308
3181	2600	512.756
3181	2720	538.5812
3181	2840	564.4064
3181	2960	590.2316
3181	3080	616.0568
3181	320	22.0772
3181	3200	641.882
3181	3320	667.7072
3181	3440	693.5324
3181	3560	719.3576
3181	3680	745.1828
3181	4095	834.49495
3181	440	47.9024
3181	560	73.7276
3181	680	99.5528
3181	800	125.378
3181	920	151.2032
54	0	0
54	16383	89.994507
54	16384	-270
54	65535	-.005493
55	0	0
55	16383	89.994507
55	16384	-270
55	65535	-.005493
3016	0	0
3016	10500	.001
3016	11375	.01
3016	12275	.1
3016	13178	1
3016	13250	1.208
3016	13500	2.286
3016	13750	4.324
3016	14000	8.18
3016	14250	15.476
3016	14500	29.279
3016	14750	55.391
3016	15000	104.791
3016	15250	198.25
3016	15500	375.06
3016	15750	709.559
3016	16000	1342.382
3016	16250	2539.591
3016	16383	3565.069
57	-32768	-10
57	32767	10
59	0	-273
59	32767	101.5261202
60	-32768	-30
60	32767	30
61	-32768	-40
61	32767	240
63	0	21
63	65535	2752491
64	-32768	-180
64	32767	180
65	0	0
65	65535	100
66	0	0
66	65535	2999559.389
1610	0	0
1610	65535	45.769644
1611	-32768	-100
1611	32767	100
3235	0	5
3235	65535	5105
2316	18	-220
2316	34	-200
2316	49	-180
2316	64	-160
2316	77	-140
2316	89	-120
2316	100	-100
2316	111	-80
2316	121	-60
2316	131	-40
2316	140	-20
2316	148	0
2316	156	20
2316	164	40
2316	171	60
2316	178	80
2316	185	100
2316	197	140
2316	208	180
2316	219	220
2317	5	90
2317	6	85
2317	7	80
2317	8	75
2317	10	70
2317	11	65
2317	13	60
2317	15	55
2317	18	50
2317	21	45
2317	25	40
2317	30	35
2317	35	30
2317	42	25
2317	49	20
2317	58	15
2317	68	10
2317	80	5
2317	93	0
2317	107	-5
2317	122	-10
2317	137	-15
2317	153	-20
2317	168	-25
2317	183	-30
2317	195	-35
2317	207	-40
2317	217	-45
2317	225	-50
2317	231	-55
67	5	90
67	6	85
67	7	80
67	8	75
67	10	70
67	11	65
67	13	60
67	15	55
67	18	50
67	21	45
67	25	40
67	30	35
67	35	30
67	42	25
67	49	20
67	58	15
67	68	10
67	80	5
67	93	0
67	107	-5
67	122	-10
67	137	-15
67	153	-20
67	168	-25
67	183	-30
67	195	-35
67	207	-40
67	217	-45
67	225	-50
67	231	-55
68	5	90
68	6	85
68	7	80
68	8	75
68	10	70
68	11	65
68	13	60
68	15	55
68	18	50
68	21	45
68	25	40
68	30	35
68	35	30
68	42	25
68	49	20
68	58	15
68	68	10
68	80	5
68	93	0
68	107	-5
68	122	-10
68	137	-15
68	153	-20
68	168	-25
68	183	-30
68	195	-35
68	207	-40
68	217	-45
68	225	-50
68	231	-55
69	5	90
69	6	85
69	7	80
69	8	75
69	10	70
69	11	65
69	13	60
69	15	55
69	18	50
69	21	45
69	25	40
69	30	35
69	35	30
69	42	25
69	49	20
69	58	15
69	68	10
69	80	5
69	93	0
69	107	-5
69	122	-10
69	137	-15
69	153	-20
69	168	-25
69	183	-30
69	195	-35
69	207	-40
69	217	-45
69	225	-50
69	231	-55
2318	5	90
2318	6	85
2318	7	80
2318	8	75
2318	10	70
2318	11	65
2318	13	60
2318	15	55
2318	18	50
2318	21	45
2318	25	40
2318	30	35
2318	35	30
2318	42	25
2318	49	20
2318	58	15
2318	68	10
2318	80	5
2318	93	0
2318	107	-5
2318	122	-10
2318	137	-15
2318	153	-20
2318	168	-25
2318	183	-30
2318	195	-35
2318	207	-40
2318	217	-45
2318	225	-50
2318	231	-55
2318	255	-69
70	0	0
70	4095	1117.5255
70	4096	0
70	65535	0
71	0	0
71	4095	1109.54025
71	4096	0
71	65535	0
72	0	0
72	4095	1.2559365
72	4096	0
72	65535	0
73	0	0
73	4095	110.552715
73	4096	0
73	65535	0
74	0	0
74	4095	10.1764845
74	4096	0
74	65535	0
75	0	0
75	4095	563.26725
75	4096	0
75	65535	0
76	0	-3.529
76	4095	111.52412
76	4096	0
76	65535	0
77	0	-3.529
77	4095	111.52412
77	4096	0
77	65535	0
78	0	0
78	4095	24.22410319148
78	4096	0
78	65535	0
79	0	0
79	4095	23.79892021276
79	4096	0
79	65535	0
80	0	-273.15
80	4095	1445.112
80	4096	0
80	65535	0
81	0	-273.15
81	4095	1445.112
81	4096	0
81	65535	0
82	0	0
82	4095	28.6080795
82	4096	0
82	65535	0
83	0	0
83	4095	28.388178
83	4096	0
83	65535	0
84	0	0
84	4095	28.6080795
84	4096	0
84	65535	0
85	0	0
85	4095	28.388178
85	4096	0
85	65535	0
86	0	0
86	255	255
87	0	0
87	255	255
88	0	.001089
88	16383	.0012383
88	16384	0
88	65535	0
88	8191	-1.2218273
88	8192	1.2241546
89	0	.0005
89	16383	.0006
89	16384	0
89	65535	0
89	8191	-.6115
89	8192	.6126
90	0	-.112
90	16383	-.118957
90	16384	0
90	65535	0
90	8191	56.872787
90	8192	-57.103744
91	0	-.113
91	16383	-.1407
91	16384	0
91	65535	0
91	8191	226.7777
91	8192	-227.0314
92	0	0
92	16383	-.4681
92	16384	0
92	65535	0
92	8191	3834.2071
92	8192	-3834.6752
93	0	-5.82237
93	16383	-4.81329
93	16384	0
93	65535	0
93	8191	-8271.19665
93	8192	8260.56099
94	0	-.641
94	16383	-.65451
94	16384	0
94	65535	0
94	8191	110.01941
94	8192	-111.31492
95	0	-.425
95	16383	-.43865
95	16384	0
95	65535	0
95	8191	111.38215
95	8192	-112.2458
96	0	.0022095
96	16383	.0025126925
96	16384	0
96	65535	0
96	8191	-2.4812402675
96	8192	2.48596246
97	0	.0646
97	16383	.0647004
97	16384	0
97	65535	0
97	8191	-.7577764
97	8192	.8870768
98	0	.0021825
98	16383	.0024819875
98	16384	0
98	65535	0
98	8191	-2.4509196125
98	8192	2.4555841
99	0	.1483
99	16383	.14820163
99	16384	0
99	65535	0
99	8191	.95404867
99	8192	-.65754704
100	0	-1.525
100	16383	-1.54426
100	16384	0
100	65535	0
100	8191	156.23366
100	8192	-159.30292
101	0	.019
101	16383	-.00017
101	16384	0
101	65535	0
101	8191	157.04047
101	8192	-157.02164
102	0	.225
102	16383	.20552
102	16384	0
102	65535	0
102	8191	159.78568
102	8192	-159.35516
103	0	-1.023
103	16383	-1.06395
103	16384	0
103	65535	0
103	8191	334.39845
103	8192	-336.4854
104	0	-.9
104	16383	-1.0235
104	16384	0
104	65535	0
104	8191	1010.6885
104	8192	-1012.612
105	0	.9
105	16383	.7765
105	16384	0
105	65535	0
105	8191	1012.4885
105	8192	-1010.812
106	0	-2.7
106	16383	-3.0705
106	16384	0
106	65535	0
106	8191	3032.0655
106	8192	-3037.836
107	0	.045
107	16383	.051175
107	16384	0
107	65535	0
107	8191	-50.534425
107	8192	50.6306
108	0	-1.8
108	16383	-2.047
108	16384	0
108	65535	0
108	8191	2021.377
108	8192	-2025.224
109	0	-1.8
109	16383	-2.047
109	16384	0
109	65535	0
109	8191	2021.377
109	8192	-2025.224
110	0	.03
110	16383	.034137
110	16384	0
110	65535	0
110	8191	-33.856167
110	8192	33.920304
111	0	-5
111	16383	-5.6916
111	16384	0
111	65535	0
111	8191	5659.8956
111	8192	-5670.5872
112	0	0
112	16383	.89454
112	16384	0
112	65535	0
112	8191	-7327.17714
112	8192	7328.07168
113	0	-.1215
113	16383	-.117558
113	16384	0
113	65535	0
113	8191	-32.410422
113	8192	32.171364
114	0	5.038
114	16383	5.76148
114	16384	0
114	65535	0
114	8191	-5920.98668
114	8192	5931.78616
115	0	0
115	16383	-.001205
115	16384	0
115	65535	0
115	8191	9.870155
115	8192	-9.87136
116	0	-.2707
116	16383	-.02894
116	16384	0
116	65535	0
116	8191	-1980.52686
116	8192	1980.22722
117	0	-.2363
117	16383	.0063099999999
117	16384	0
117	65535	0
117	8191	-1987.45481
117	8192	1987.22482
118	0	-.1278
118	16383	-.3722
118	16384	0
118	65535	0
118	8191	2001.7526
118	8192	-2002.2526
119	0	0
119	16383	.06596656
119	16384	0
119	65535	0
119	8191	-540.33209296
119	8192	540.39805952
120	0	0
120	16383	-.06596656
120	16384	0
120	65535	0
120	8191	540.33209296
120	8192	-540.39805952
121	0	0
121	16383	-.0012054
121	16384	0
121	65535	0
121	8191	9.8734314
121	8192	-9.8746368
122	0	-.07515
122	16383	-.14047
122	16384	0
122	65535	0
122	8191	534.96097
122	8192	-535.17659
123	0	.2
123	16383	.225656
123	16384	0
123	65535	0
123	8191	-209.948296
123	8192	210.373952
124	0	.02635
124	16383	.038541
124	16384	0
124	65535	0
124	8191	-99.830131
124	8192	99.895022
125	0	.2
125	16383	.225678
125	16384	0
125	65535	0
125	8191	-210.128498
125	8192	210.554176
126	0	.312
126	16383	.324274
126	16384	0
126	65535	0
126	8191	-100.224334
126	8192	100.860608
127	0	26.6
127	16383	26.612048
127	16384	0
127	65535	0
127	8191	-72.085168
127	8192	125.297216
128	0	-5.0685
128	16383	-5.15745
128	16384	0
128	65535	0
128	8191	723.52095
128	8192	-733.7469
129	0	-5.0611
129	16383	-5.14902
129	16384	0
129	65535	0
129	8191	715.09162
129	8192	-725.30174
130	0	2.6
130	16383	2.5908
130	16384	0
130	65535	0
130	8191	77.9572
130	8192	-72.7664
131	0	275
131	16383	275.0374
131	16384	0
131	65535	0
131	8191	-31.3434
131	8192	581.3808
132	0	1.7
132	16383	2.175
132	16384	0
132	65535	0
132	8191	-3889.025
132	8192	3892.9
133	0	0
133	16383	-.00667
133	16384	0
133	65535	0
133	8191	54.63397
133	8192	-54.64064
134	0	-.9552
134	16383	-.9093
134	16384	0
134	65535	0
134	8191	-376.9221
134	8192	375.0576
135	0	-2
135	16383	-2.02939
135	16384	0
135	65535	0
135	8191	238.73349
135	8192	-242.76288
136	0	-.9
136	16383	-1.0235
136	16384	0
136	65535	0
136	8191	1010.6885
136	8192	-1012.612
137	0	-.9
137	16383	-1.0235
137	16384	0
137	65535	0
137	8191	1010.6885
137	8192	-1012.612
138	0	-2.7
138	16383	-3.0705
138	16384	0
138	65535	0
138	8191	3032.0655
138	8192	-3037.836
139	0	.045
139	16383	.051175
139	16384	0
139	65535	0
139	8191	-50.534425
139	8192	50.6306
140	0	-1.8
140	16383	-2.047
140	16384	0
140	65535	0
140	8191	2021.377
140	8192	-2025.224
141	0	-1.8
141	16383	-2.047
141	16384	0
141	65535	0
141	8191	2021.377
141	8192	-2025.224
142	0	20.176
142	16383	20.1854358
142	16384	0
142	65535	0
142	8191	-57.1126378
142	8192	97.4740736
143	0	-5
143	16383	-5.6916
143	16384	0
143	65535	0
143	8191	5659.8956
143	8192	-5670.5872
144	0	.0045
144	16383	.0051175
144	16384	0
144	65535	0
144	8191	-5.0534425
144	8192	5.06306
145	0	.0045
145	16383	.0051175
145	16384	0
145	65535	0
145	8191	-5.0534425
145	8192	5.06306
146	0	.0045
146	16383	.0051175
146	16384	0
146	65535	0
146	8191	-5.0534425
146	8192	5.06306
147	0	.0045
147	16383	.0051175
147	16384	0
147	65535	0
147	8191	-5.0534425
147	8192	5.06306
148	0	.0045
148	16383	.0051175
148	16384	0
148	65535	0
148	8191	-5.0534425
148	8192	5.06306
149	0	.0045
149	16383	.0051175
149	16384	0
149	65535	0
149	8191	-5.0534425
149	8192	5.06306
150	0	.0045
150	16383	.0051175
150	16384	0
150	65535	0
150	8191	-5.0534425
150	8192	5.06306
151	0	.0045
151	16383	.0051175
151	16384	0
151	65535	0
151	8191	-5.0534425
151	8192	5.06306
152	0	0
152	16383	-.06596656
152	16384	0
152	65535	0
152	8191	540.332093
152	8192	-540.3980595
153	0	0
153	16383	-.93556274
153	16384	0
153	65535	0
153	8191	7663.194403
153	8192	-7664.129966
154	0	0
154	16383	.0023635
154	16384	0
154	65535	0
154	8191	-19.3594285
154	8192	19.361792
155	0	0
155	16383	-.0017726
155	16384	0
155	65535	0
155	8191	14.5193666
155	8192	-14.5211392
156	0	0
156	16383	.0017726
156	16384	0
156	65535	0
156	8191	-14.5193666
156	8192	14.5211392
157	0	0
157	16383	-.0017726
157	16384	0
157	65535	0
157	8191	14.5193666
157	8192	-14.5211392
158	0	0
158	16383	-.0017726
158	16384	0
158	65535	0
158	8191	14.5193666
158	8192	-14.5211392
159	0	0
159	16383	-.0017726
159	16384	0
159	65535	0
159	8191	14.5193666
159	8192	-14.5211392
160	0	0
160	16383	.0017726
160	16384	0
160	65535	0
160	8191	-14.5193666
160	8192	14.5211392
161	0	0
161	16383	-.0017726
161	16384	0
161	65535	0
161	8191	14.5193666
161	8192	-14.5211392
162	0	0
162	16383	-.0017726
162	16384	0
162	65535	0
162	8191	14.5193666
162	8192	-14.5211392
163	0	0
163	16383	-.0003662
163	16384	0
163	65535	0
163	8191	2.9995442
163	8192	-2.9999104
164	0	0
164	16383	-.0003662
164	16384	0
164	65535	0
164	8191	2.9995442
164	8192	-2.9999104
165	0	0
165	16383	-.0003662
165	16384	0
165	65535	0
165	8191	2.9995442
165	8192	-2.9999104
166	0	0
166	16383	-.0003662
166	16384	0
166	65535	0
166	8191	2.9995442
166	8192	-2.9999104
167	0	28.6
167	16383	28.612048
167	16384	0
167	65535	0
167	8191	-70.085168
167	8192	127.297216
168	0	29
168	16383	29.048384
168	16384	0
168	65535	0
168	8191	-367.313344
168	8192	425.361728
169	0	0
169	16383	-.0023174
169	16384	0
169	65535	0
169	8191	18.9818234
169	8192	-18.9841408
170	0	0
170	16383	-.0007324
170	16384	0
170	65535	0
170	8191	5.9990884
170	8192	-5.9998208
171	0	0
171	16383	-.0007324
171	16384	0
171	65535	0
171	8191	5.9990884
171	8192	-5.9998208
172	0	0
172	16383	-.001145
172	16384	0
172	65535	0
172	8191	9.378695
172	8192	-9.37984
173	0	0
173	16383	-.001145
173	16384	0
173	65535	0
173	8191	9.378695
173	8192	-9.37984
174	0	-273.16
174	16383	-273.3527
174	16384	0
174	65535	0
174	8191	1305.2457
174	8192	-1851.7584
175	0	.00081585
175	16383	.00092780275
175	16384	0
175	65535	0
175	8191	-.91618912525
175	8192	.917932778
176	0	.0008433
176	16383	.0009590195
176	16384	0
176	65535	0
176	8191	-.9470151245
176	8192	.948817444
177	0	-.076645
177	16383	-.073440175
177	16384	0
177	65535	0
177	8191	-26.32736658
177	8192	26.1772814
178	0	.02295
178	16383	.02609925
178	16384	0
178	65535	0
178	8191	-25.77255675
178	8192	25.821606
179	0	.009427804506
179	1024	.003335150513
179	11384	1.50660731581
179	12288	.60199251268
179	12584	.44579848795
179	13384	.19795399485
179	14336	.07533570019
179	14584	.05857371769
179	15360	.0266505207
179	15872	.01585105356
179	16383	.0094373766
179	16384	0
179	2048	.001179832371
179	4096	.000147648842
179	65535	0
179	8192	.000002312328
180	0	.0094278045061
180	1024	.0033351505133
180	11384	1.506607315816
180	12288	.6019925126804
180	12584	.445798487954
180	13384	.197953994858
180	14336	.075335700193
180	14584	.0585737176938
180	15360	.0266505207033
180	15872	.0158510535667
180	16383	.0094373766082
180	16384	0
180	2048	.0011798323713
180	4096	.0001476488426
180	65535	0
180	8192	.0000023123284
181	0	-157.33196
181	16383	-157.2361734
181	16384	0
181	65535	0
181	8191	-941.9200006
181	8192	627.3518672
182	0	-158.226235
182	16383	-158.131035
182	16384	0
182	65535	0
182	8191	-938.0092302
182	8192	621.6519602
183	0	-267.638815
183	16383	-267.436935725
183	16384	0
183	65535	0
183	8191	-1921.23195652
183	8192	1386.1562058
184	0	-267.05247
184	16383	-266.84972005
184	16384	0
184	65535	0
184	8191	-1927.77731045
184	8192	1393.8751204
185	0	0
185	16383	-.00246
185	16384	0
185	65535	0
185	8191	20.14986
185	8192	-20.15232
2727	0	49.92263
2727	16383	49.90942
2727	16384	0
2727	65535	0
2727	8191	158.12574
2727	8192	-58.29369
186	0	0
186	16383	-.02442
186	16384	0
186	65535	0
186	8191	200.02422
186	8192	-200.04864
187	0	7.35541
187	16383	7.66408
187	16384	0
187	65535	0
187	8191	-2520.96056
187	8192	2535.98005
188	0	0
188	16383	.0006175
188	16384	0
188	65535	0
188	8191	-5.0579425
188	8192	5.05856
189	0	.01
189	16383	.013028
189	16384	0
189	65535	0
189	8191	-24.792348
189	8192	24.815376
190	0	.7
190	16383	.7031096
190	16384	0
190	65535	0
190	8191	-24.7707336
190	8192	26.1738432
191	0	.046672
191	16383	.051239
191	16384	0
191	65535	0
191	8191	-37.361625
191	8192	37.459536
192	0	-.015702
192	16383	-.014163
192	16384	0
192	65535	0
192	8191	-12.621651
192	8192	12.591786
193	0	0
193	16383	.001551
193	16384	0
193	65535	0
193	8191	-12.704241
193	8192	12.705792
194	0	-.15
194	16383	-.1484565
194	16384	0
194	65535	0
194	8191	-12.7928085
194	8192	12.494352
195	0	0
195	16383	.001551
195	16384	0
195	65535	0
195	8191	-12.704241
195	8192	12.705792
196	0	.00252
196	16383	.0028658
196	16384	0
196	65535	0
196	8191	-2.8299278
196	8192	2.8353136
197	0	0
197	16383	-.0003662
197	16384	0
197	65535	0
197	8191	2.9995442
197	8192	-2.9999104
198	0	0
198	16383	-.0003662
198	16384	0
198	65535	0
198	8191	2.9995442
198	8192	-2.9999104
199	0	0
199	10384	11.9171375
199	12288	35.67239735
199	14336	65.02502677
199	15360	90.81735511
199	15872	116.8659505
199	16128	144.5565244
199	16129	0
199	65535	0
199	8191	0
199	8304	-79.58248795
199	8384	-49.73333219
199	8684	-25.48693714
199	9384	-4.702296036
200	0	0
200	10384	11.9171375
200	12288	35.67239735
200	14336	65.02502677
200	15360	90.81735511
200	15872	116.8659505
200	16128	144.5565244
200	16129	0
200	65535	0
200	8191	0
200	8304	-79.58248795
200	8384	-49.73333219
200	8684	-25.48693714
200	9384	-4.702296036
201	0	0
201	10384	11.9171375
201	12288	35.67239735
201	14336	65.02502677
201	15360	90.81735511
201	15872	116.8659505
201	16128	144.5565244
201	16129	0
201	65535	0
201	8191	0
201	8304	-79.58248795
201	8384	-49.73333219
201	8684	-25.48693714
201	9384	-4.702296036
202	0	0
202	16383	-.2651
202	16384	0
202	65535	0
202	8191	2171.4341
202	8192	-2171.6992
203	0	0
203	16383	-.2013
203	16384	0
203	65535	0
203	8191	1648.8483
203	8192	-1649.0496
204	0	-.0894
204	16383	-.0523
204	16384	0
204	65535	0
204	8191	-303.9755
204	8192	303.8338
205	0	-.1574
205	16383	-.1204
205	16384	0
205	65535	0
205	8191	-303.2244
205	8192	302.9466
206	0	-.271
206	16383	-.2339
206	16384	0
206	65535	0
206	8191	-304.1571
206	8192	303.6522
207	0	-.2382
207	16383	-.201
207	16384	0
207	65535	0
207	8191	-304.9434
207	8192	304.5042
208	16383	-443.8657
208	16384	91.8584
208	65535	-175.9873
208	8192	-176.02
209	0	-168.53
209	16383	-168.4987
209	16384	0
209	65535	0
209	8191	-424.9083
209	8192	87.8796
210	0	-.6257
210	16383	-.5405
210	16384	0
210	65535	0
210	8191	-698.4989
210	8192	697.3327
211	0	-54.068
211	16383	-54.0547
211	16384	0
211	65535	0
211	8191	-163.0083
211	8192	54.8856
212	0	.133
212	16383	.0479
212	16384	0
212	65535	0
212	8191	697.1871
212	8192	-697.0062
213	0	.0486
213	16383	.0635
213	16384	0
213	65535	0
213	8191	-121.9973
213	8192	122.1094
214	0	-.0256
214	16383	-.0307
214	16384	0
214	65535	0
214	8191	41.7485
214	8192	-41.8048
215	0	-.0257
215	16383	-.0308
215	16384	0
215	65535	0
215	8191	41.7484
215	8192	-41.8049
216	0	-.0058
216	16383	-.0068
216	16384	0
216	65535	0
216	8191	8.1852
216	8192	-8.1978
217	0	-.0019
217	16383	-.0029
217	16384	0
217	65535	0
217	8191	8.1891
217	8192	-8.1939
218	0	0
218	16383	-.0000681492
218	16384	0
218	65535	0
218	8191	.5582100972
218	8192	-.5582782464
219	0	0
219	16383	-.0000685152
219	16384	0
219	65535	0
219	8191	.5612080032
219	8192	-.5612765184
220	0	0
220	16383	-2.99827
220	16384	0
220	65535	0
220	8191	2.997906
220	8192	-.00037
221	0	0
221	16383	-2.99827
221	16384	0
221	65535	0
221	8191	2.997906
221	8192	-.00037
222	0	0
222	16383	-2.99827
222	16384	0
222	65535	0
222	8191	2.997906
222	8192	-.00037
223	0	0
223	16383	-2.99827
223	16384	0
223	65535	0
223	8191	2.997906
223	8192	-.00037
224	0	-.4095
224	16383	-.4132
224	16384	0
224	65535	0
224	8191	29.8972
224	8192	-30.7199
225	0	-.2594
225	16383	-.2631
225	16384	0
225	65535	0
225	8191	30.0473
225	8192	-30.5698
226	0	-.058
226	16383	-.0581
226	16384	0
226	65535	0
226	8191	.7611
226	8192	-.8772
227	0	.66604
227	16383	.67294
227	16384	0
227	65535	0
227	8191	-55.85186
227	8192	57.19084
228	0	4.173
228	16383	4.1837
228	16384	0
228	65535	0
228	8191	-83.4707
228	8192	91.8274
229	0	0
229	16383	.0062
229	16384	0
229	65535	0
229	8191	-50.7842
229	8192	50.7904
230	0	0
230	16383	.0062
230	16384	0
230	65535	0
230	8191	-50.7842
230	8192	50.7904
231	0	0
231	16383	.0062
231	16384	0
231	65535	0
231	8191	-50.7842
231	8192	50.7904
232	0	0
232	16383	.0062
232	16384	0
232	65535	0
232	8191	-50.7842
232	8192	50.7904
233	0	0
233	16383	.00619
233	16384	0
233	65535	0
233	8191	-50.70229
233	8192	50.70848
234	0	0
234	16383	.0062
234	16384	0
234	65535	0
234	8191	-50.7842
234	8192	50.7904
235	0	110.5
235	16383	111.5271
235	16384	0
235	65535	0
235	8191	-8302.4761
235	8192	8524.5032
236	0	42.568
236	16383	43.074
236	16384	0
236	65535	0
236	8191	-4102.078
236	8192	4187.72
237	0	48.511
237	16383	48.7671
237	16384	0
237	65535	0
237	8191	-2049.2041
237	8192	2146.4822
238	0	110.5
238	16383	111.5271
238	16384	0
238	65535	0
238	8191	-8302.4761
238	8192	8524.5032
239	0	35.088
239	16383	35.5969
239	16384	0
239	65535	0
239	8191	-4133.3119
239	8192	4203.9968
240	0	20.022
240	16383	20.2786
240	16384	0
240	65535	0
240	8191	-2081.7886
240	8192	2122.0892
241	0	2.7606
241	16383	2.8864
241	16384	0
241	65535	0
241	8191	-1027.6672
241	8192	1033.3142
242	0	5.0041
242	16383	5.1302
242	16384	0
242	65535	0
242	8191	-1027.881
242	8192	1038.0153
243	0	31.123
243	16383	31.6318
243	16384	0
243	65535	0
243	8191	-4136.4578
243	8192	4199.2126
244	0	-1.2232
244	16383	-1.0938
244	16384	0
244	65535	0
244	8191	-1061.1386
244	8192	1058.8216
245	0	3.0101
245	16383	3.1369
245	16384	0
245	65535	0
245	8191	-1035.6087
245	8192	1041.7557
246	0	-2175.6
246	16383	-2175.8765
246	16384	0
246	65535	0
246	8191	89.2115
246	8192	-4440.688
247	0	-4371.5
247	16383	-4372.0594
247	16384	0
247	65535	0
247	8191	210.5454
247	8192	-8954.1048
248	0	-2175.6
248	16383	-2175.8777
248	16384	0
248	65535	0
248	8191	99.0407
248	8192	-4450.5184
249	0	308.38
249	16383	308.3407
249	16384	0
249	65535	0
249	8191	630.2863
249	8192	-13.5656
250	0	-4123
250	16383	-4123.5207
250	16384	0
250	65535	0
250	8191	142.0537
250	8192	-8388.5744
251	0	-14.283
251	16383	-13.5012
251	16384	0
251	65535	0
251	8191	-6418.0068
251	8192	6390.2226
252	0	47.787
252	16383	48.5565
252	16384	0
252	65535	0
252	8191	-6255.1875
252	8192	6351.531
253	0	0
253	16383	.0062
253	16384	0
253	65535	0
253	8191	-50.7842
253	8192	50.7904
254	0	-273
254	16383	-273.06
254	16384	0
254	65535	0
254	8191	218.46
254	8192	-764.52
255	0	-.0156
255	16383	-.0166
255	16384	0
255	65535	0
255	8191	8.1754
255	8192	-8.2076
256	0	.003
256	16383	.0037
256	16384	0
256	65535	0
256	8191	-5.7307
256	8192	5.7374
257	0	.0497
257	16383	.0466
257	16384	0
257	65535	0
257	8191	25.4418
257	8192	-25.3455
258	0	.1508
258	16383	.1536
258	16384	0
258	65535	0
258	8191	-22.784
258	8192	23.0884
259	0	-168.11
259	16383	-168.17155022
259	16384	0
259	65535	0
259	8191	336.04785202
259	8192	-672.32940224
260	0	-347.424242424
260	16383	-347.575757575
260	16384	0
260	65535	0
260	8191	893.6363636363
260	8192	-1588.63636363
261	0	-168.11
261	16383	-168.17155022
261	16384	0
261	65535	0
261	8191	336.04785202
261	8192	-672.32940224
262	0	-345.180722891
262	16383	-345.331325301
262	16384	0
262	65535	0
262	8191	888.4036144578
262	8192	-1578.91566265
263	0	0
263	16383	-1110.474752
263	16384	-.135556
263	65535	0
263	8191	0
263	8192	1110.339196
264	0	-.0058
264	16383	-.0048
264	16384	0
264	65535	0
264	8191	-8.1968
264	8192	8.1862
265	0	-.0417
265	16383	-.05
265	16384	0
265	65535	0
265	8191	67.9436
265	8192	-68.0353
266	0	-.0058
266	16383	-.0048
266	16384	0
266	65535	0
266	8191	-8.1968
266	8192	8.1862
267	0	-.0417
267	16383	-.05
267	16384	0
267	65535	0
267	8191	67.9436
267	8192	-68.0353
268	0	0
268	16383	-1110.474752
268	16384	-.135556
268	65535	0
268	8191	0
268	8192	1110.339196
269	0	-.0038
269	16383	-.0048
269	16384	0
269	65535	0
269	8191	8.1872
269	8192	-8.1958
270	0	-.0478
270	16383	-.0561
270	16384	0
270	65535	0
270	8191	67.9375
270	8192	-68.0414
271	0	-273.15
271	16383	-273.283723
271	16384	0
271	65535	0
271	8191	822.175093
271	8192	-1368.608816
272	0	-.467
272	16383	-.4681
272	16384	0
272	65535	0
272	8191	8.5431
272	8192	-9.4782
273	0	.0061
273	16383	.0068
273	16384	0
273	65535	0
273	8191	-5.7276
273	8192	5.7405
274	0	-.0126
274	16383	-.0157
274	16384	0
274	65535	0
274	8191	25.3795
274	8192	-25.4078
275	0	.0068
275	16383	.0096
275	16384	0
275	65535	0
275	8191	-22.928
275	8192	22.9444
276	0	277.37
276	1024	-33.888
276	16384	0
276	2048	588.666
276	3100	277.408
276	4096	-25.744368
276	5200	8.25
276	6000	35.93
276	65535	0
276	6600	58.37
276	8191	124.845162
276	8192	0
277	0	-.0327
277	16383	-.0336
277	16384	0
277	65535	0
277	8191	7.3392
277	8192	-7.4055
278	0	-.036
278	16383	-.0411
278	16384	0
278	65535	0
278	8191	41.7381
278	8192	-41.8152
279	0	0
279	16383	-.02998272
279	16384	0
279	65535	0
279	8191	.02997906
279	8192	-.00000366
280	0	0
280	16383	-.133625
280	16384	0
280	65535	0
280	8191	1094.522375
280	8192	-1094.656
281	0	0
281	16383	-.02998272
281	16384	0
281	65535	0
281	8191	.02997906
281	8192	-.00000366
282	0	0
282	16383	-.02998272
282	16384	0
282	65535	0
282	8191	.02997906
282	8192	-.00000366
283	0	0
283	16383	-.02998272
283	16384	0
283	65535	0
283	8191	.02997906
283	8192	-.00000366
284	0	-.001
284	16383	-.0024
284	16384	0
284	65535	0
284	8191	11.4664
284	8192	-11.4698
285	0	-.0093
285	16383	-.0124
285	16384	0
285	65535	0
285	8191	25.3828
285	8192	-25.4045
286	0	.1103
286	16383	.1135
286	16384	0
286	65535	0
286	8191	-26.1009
286	8192	26.3247
287	0	.00747
287	16383	-.00213
287	16384	0
287	65535	0
287	8191	78.64107
287	8192	-78.63573
288	0	-16.502
288	16383	-16.3887
288	16384	0
288	65535	0
288	8191	-944.5423
288	8192	911.6516
289	0	33.042
289	16383	33.1705
289	16384	0
289	65535	0
289	8191	-1019.5015
289	8192	1085.714
290	0	30
290	16383	30.4383
290	16384	0
290	65535	0
290	8191	-3560.1153
290	8192	3620.5536
291	0	0
291	16383	.001488
291	16384	0
291	65535	0
291	8191	-12.188208
291	8192	12.189696
292	0	0
292	16383	.001488
292	16384	0
292	65535	0
292	8191	-12.188208
292	8192	12.189696
293	0	0
293	16383	.00458
293	16384	0
293	65535	0
293	8191	-37.51478
293	8192	37.51936
294	0	0
294	16383	.004415
294	16384	0
294	65535	0
294	8191	-36.163265
294	8192	36.16768
295	0	0
295	16383	.006954
295	16384	0
295	65535	0
295	8191	-56.960214
295	8192	56.967168
296	0	0
296	16383	.0014792
296	16384	0
296	65535	0
296	8191	-12.1161272
296	8192	12.1176064
297	0	0
297	16383	.0014798
297	16384	0
297	65535	0
297	8191	-12.1210418
297	8192	12.1225216
298	0	-28.016
298	16383	-27.8652
298	16384	0
298	65535	0
298	8191	-1263.2188
298	8192	1207.3376
299	0	-24.715
299	16383	-24.6597
299	16384	0
299	65535	0
299	8191	-477.6773
299	8192	428.3026
300	0	-.4234
300	16383	-.406
300	16384	0
300	65535	0
300	8191	-142.9468
300	8192	142.1174
301	0	3.4918
301	16383	3.5489
301	16384	0
301	65535	0
301	8191	-464.2143
301	8192	471.255
302	0	5.663
302	16383	5.6884
302	16384	0
302	65535	0
302	8191	-202.3884
302	8192	213.7398
303	0	36.57654075546
303	16383	36.592445328
303	16384	0
303	65535	0
303	8191	-93.6978131212
303	8192	166.866799204
304	0	36.68250197941
304	16383	36.6983372921
304	16384	0
304	65535	0
304	8191	-93.0245447347
304	8192	166.405384006
305	0	-2.5850340136
305	16383	-2.59475218658
305	16384	0
305	65535	0
305	8191	77.01652089407
305	8192	-82.1963070942
306	0	0
306	16383	16383
306	16384	0
306	65535	0
306	8191	8191
306	8192	8192
307	0	-9
307	16383	-8.9911
307	16384	0
307	65535	0
307	8191	-81.8999
307	8192	63.9088
308	0	-9
308	16383	-8.9911
308	16384	0
308	65535	0
308	8191	-81.8999
308	8192	63.9088
309	0	158.5
309	16383	132
309	16384	0
309	65535	0
309	8191	217220
309	8192	-216929.5
310	0	26.5
310	16383	0
310	16384	0
310	65535	0
310	8191	217088
310	8192	-217061.5
311	0	167.5
311	16383	141
311	16384	0
311	65535	0
311	8191	217229
311	8192	-216920.5
312	0	3.3659
312	16383	1.0999
312	16384	0
312	65535	0
312	8191	18564.1719
312	8192	-18559.7061
313	0	-112.47
313	16383	-113.91
313	16384	0
313	65535	0
313	8191	11682.57
313	8192	-11908.95
2728	0	-.0362
2728	16383	-.0414
2728	16384	0
2728	65535	0
2728	8191	42.557
2728	8192	-42.6346
2729	0	-.467
2729	16383	-.4681
2729	16384	0
2729	65535	0
2729	8191	8.5431
2729	8192	-9.4782
2320	5	90
2320	6	85
2320	7	80
2320	8	75
2320	10	70
2320	11	65
2320	13	60
2320	15	55
2320	18	50
2320	21	45
2320	25	40
2320	30	35
2320	35	30
2320	42	25
2320	49	20
2320	58	15
2320	68	10
2320	80	5
2320	93	0
2320	107	-5
2320	122	-10
2320	137	-15
2320	153	-20
2320	168	-25
2320	183	-30
2320	195	-35
2320	207	-40
2320	217	-45
2320	225	-50
2320	231	-55
314	1006	-51
314	1023	-77
314	127	106
314	192	106
314	255	81
314	320	81
314	383	59
314	44	150
314	448	59
314	511	39
314	576	38
314	639	19
314	704	19
314	767	0
314	81	124
314	832	0
314	895	-22
314	960	-22
315	-128	4.231
315	127	5.763
316	-128	-5.78
316	127	-4.226
317	-128	9.87
317	127	14.114
318	-128	-14.132
318	127	-9.885
319	-128	23.601
319	127	32.365
320	0	0
320	8191	5000
321	0	0
321	8191	-5000
322	0	0
322	6827	8500
323	-4545	-5
323	0	0
324	0	0
324	4545	5
325	-3246	-12
325	0	0
326	0	0
326	3246	12
3232	0	0
3232	1	1
3232	10	2
3232	100	6144
3232	101	6656
3232	102	7168
3232	103	7680
3232	104	8192
3232	105	9216
3232	106	10240
3232	107	11264
3232	108	12288
3232	109	13312
3232	11	2
3232	110	14336
3232	111	15360
3232	112	16384
3232	113	18432
3232	114	20480
3232	115	22528
3232	116	24576
3232	117	26624
3232	118	28672
3232	119	30720
3232	12	3
3232	120	32768
3232	121	36864
3232	122	40960
3232	123	45056
3232	124	49152
3232	125	53248
3232	126	57344
3232	127	61440
3232	128	65536
3232	129	73728
3232	13	3
3232	130	81920
3232	131	90112
3232	132	98304
3232	133	106496
3232	134	114688
3232	135	122880
3232	136	131072
3232	137	147456
3232	138	163840
3232	139	180224
3232	14	3
3232	140	196608
3232	141	212992
3232	142	229376
3232	143	245760
3232	144	262144
3232	145	294912
3232	146	327680
3232	147	360448
3232	148	393216
3232	149	425984
3232	15	3
3232	150	458752
3232	151	491520
3232	152	524288
3232	153	589824
3232	154	655360
3232	155	720896
3232	156	786432
3232	157	851968
3232	158	917504
3232	159	983040
3232	16	4
3232	160	1048576
3232	161	1179648
3232	162	1310720
3232	163	1441792
3232	164	1572864
3232	165	1703936
3232	166	1835008
3232	167	1966080
3232	168	2097152
3232	169	2359296
3232	17	4
3232	170	2621440
3232	171	2883584
3232	172	3145728
3232	173	3407872
3232	174	3670016
3232	175	3932160
3232	176	4194304
3232	177	4718592
3232	178	5242880
3232	179	5767168
3232	18	5
3232	180	6291456
3232	181	6815744
3232	182	7340032
3232	183	7864320
3232	184	8388608
3232	185	9437184
3232	186	10485760
3232	187	11534336
3232	188	12582912
3232	189	13631488
3232	19	5
3232	190	14680064
3232	191	15728640
3232	192	16777216
3232	193	18874368
3232	194	20971520
3232	195	23068672
3232	196	25165824
3232	197	27262976
3232	198	29360128
3232	199	31457280
3232	2	1
3232	20	6
3232	200	33554432
3232	201	37748736
3232	202	41943040
3232	203	46137344
3232	204	50331648
3232	205	54525952
3232	206	58720256
3232	207	62914560
3232	208	67108864
3232	209	75497472
3232	21	6
3232	210	83886080
3232	211	92274688
3232	212	100663296
3232	213	109051904
3232	214	117440512
3232	215	125829120
3232	216	134217728
3232	217	150994944
3232	218	167772160
3232	219	184549376
3232	22	7
3232	220	201326592
3232	221	218103808
3232	222	234881024
3232	223	251658240
3232	224	268435456
3232	225	301989888
3232	226	335544320
3232	227	369098752
3232	228	402653184
3232	229	436207616
3232	23	7
3232	230	469762048
3232	231	503316480
3232	232	536870912
3232	233	603979776
3232	234	671088640
3232	235	738197504
3232	236	805306368
3232	237	872415232
3232	238	939524096
3232	239	1006632960
3232	24	8
3232	240	1073741824
3232	241	1207959552
3232	242	1342177280
3232	243	1476395008
3232	244	1610612736
3232	245	1744830464
3232	246	1879048192
3232	247	2013265920
3232	248	2147483648
3232	249	2415919104
3232	25	9
3232	250	2684354560
3232	251	2952790016
3232	252	3221225472
3232	253	3489660928
3232	254	3758096384
3232	255	4026531840
3232	26	10
3232	27	11
3232	28	12
3232	29	13
3232	3	1
3232	30	14
3232	31	15
3232	32	16
3232	33	18
3232	34	20
3232	35	22
3232	36	24
3232	37	26
3232	38	28
3232	39	30
3232	4	1
3232	40	32
3232	41	36
3232	42	40
3232	43	44
3232	44	48
3232	45	52
3232	46	56
3232	47	60
3232	48	64
3232	49	72
3232	5	1
3232	50	80
3232	51	88
3232	52	96
3232	53	104
3232	54	112
3232	55	120
3232	56	128
3232	57	144
3232	58	160
3232	59	176
3232	6	1
3232	60	192
3232	61	208
3232	62	224
3232	63	240
3232	64	256
3232	65	288
3232	66	320
3232	67	352
3232	68	384
3232	69	416
3232	7	1
3232	70	448
3232	71	480
3232	72	512
3232	73	576
3232	74	640
3232	75	704
3232	76	768
3232	77	832
3232	78	896
3232	79	960
3232	8	2
3232	80	1024
3232	81	1152
3232	82	1280
3232	83	1408
3232	84	1536
3232	85	1664
3232	86	1792
3232	87	1920
3232	88	2048
3232	89	2304
3232	9	2
3232	90	2560
3232	91	2816
3232	92	3072
3232	93	3328
3232	94	3584
3232	95	3840
3232	96	4096
3232	97	4608
3232	98	5120
3232	99	5632
3062	-6826	-1667
3062	6826	1667
3063	-6826	-3333
3063	6826	3333
3064	0	-2500
3064	4095	-3500
3065	0	2500
3065	4095	3500
3066	0	0
3066	4095	1667
3067	0	0
3067	4095	-1667
3068	0	0
3068	12287	833
3068	12288	0
3068	16383	3333
3068	4095	-833
3068	4096	0
3068	8191	-3333
3068	8192	0
3069	0	0
3069	12287	-833
3069	12288	0
3069	16383	-3333
3069	4095	833
3069	4096	0
3069	8191	3333
3069	8192	0
3070	0	91.90972012
3070	1000	66.73373989
3070	1500	54.14574978
3070	2000	41.55775966
3070	2500	28.96976955
3070	3000	16.38177943
3070	3500	3.79378932
3070	4000	-8.794200795
3070	4500	-21.38219091
3070	500	79.32173001
3070	5000	-33.97018102
3070	5500	-46.55817114
3070	6000	-59.14616125
327	0	0
327	255	-5
328	0	0
328	255	-3.497
329	0	0
329	255	-4.952
330	0	0
330	255	-13.129
331	0	0
331	255	-4.938
333	0	0
333	255	-12.987
334	0	-51.284
334	255	64.996
335	0	-51.284
335	255	64.996
336	0	-5
336	511	4.593
338	0	-5
338	511	4.886
339	0	64
339	127	0
339	159	-32
339	191	-48
339	255	-63
339	32	48
339	64	32
2812	-10896	10
2812	-12780	20
2812	-13100	25
2812	-13812	30
2812	-14500	40
2812	-14580	50
2812	-15106	50
2812	-15483	60
2812	-15730	100
2812	-15811	70
2812	-16024	80
2812	-16155	90
2812	-16286	100
2812	-4588	-10
2812	-573	-20
2812	-7860	0
2812	-8111	0
2812	13100	-50
2812	13106	-50
2812	14089	-60
2812	14318	-70
2812	14417	-80
2812	14515	-90
2812	14581	-100
2812	14728	-150
2812	15150	-100
2812	15800	-150
2812	1970	-25
2812	4627	-30
2812	9338	-40
340	10346	-142.7
340	10916	-132.7
340	11459	-122.7
340	11975	-112.7
340	12467	-102.7
340	12937	-92.7
340	13386	-82.7
340	13816	-72.7
340	14228	-62.7
340	14624	-52.7
340	15003	-42.7
340	15368	-32.7
340	15720	-22.7
340	16058	-12.7
340	16384	-2.7
340	16698	7.3
340	17002	17.3
340	17578	37.3
340	18117	57.3
340	18622	77.3
340	19095	97.3
340	19541	117.3
340	19960	137.3
340	20356	157.3
340	20731	177.3
340	21085	197.3
340	6158	-202.7
340	6965	-192.7
340	7723	-182.7
340	8436	-172.7
340	9109	-162.7
340	9744	-152.7
341	10348	-141.5
341	10916	-131.5
341	11459	-121.5
341	11975	-111.5
341	12467	-101.5
341	12937	-91.5
341	13386	-81.5
341	13816	-71.5
341	14228	-61.5
341	14624	-51.5
341	15003	-41.5
341	15368	-31.5
341	15720	-21.5
341	16058	-11.5
341	16384	-1.5
341	16698	8.5
341	17002	18.5
341	17578	38.5
341	18117	58.5
341	18622	78.5
341	19095	98.5
341	19541	118.5
341	19960	138.5
341	20356	158.5
341	20731	178.5
341	21085	198.5
341	6158	-201.5
341	6965	-191.5
341	7723	-181.5
341	8436	-171.5
341	9109	-161.5
341	9744	-151.5
342	0	-16000.0115
342	65536	16000.0115
343	0	-16000.0115
343	65536	16000.0115
344	0	-16000.0115
344	65536	16000.0115
2813	-128	4.672
2813	127	5.325
2814	-128	-5.363
2814	127	-4.64
345	1	-200
345	16	-180
345	32	-160
345	47	-140
345	62	-120
345	77	-100
345	92	-80
345	106	-60
345	120	-40
345	134	-20
345	147	0
345	161	20
345	174	40
345	187	60
345	200	80
345	213	100
345	225	120
345	238	140
345	250	160
346	1	-200
346	16	-180
346	32	-160
346	47	-140
346	62	-120
346	77	-100
346	92	-80
346	106	-60
346	120	-40
346	134	-20
346	147	0
346	161	20
346	174	40
346	187	60
346	200	80
346	213	100
346	225	120
346	238	140
346	250	160
347	0	0
347	32767	179.994507
347	32768	-180
347	65535	-.005493
348	0	0
348	32767	179.994507
348	32768	-180
348	65535	-.005493
349	5	90
349	6	85
349	7	80
349	8	75
349	10	70
349	11	65
349	13	60
349	15	55
349	18	50
349	21	45
349	25	40
349	30	35
349	35	30
349	42	25
349	49	20
349	58	15
349	68	10
349	80	5
349	93	0
349	107	-5
349	122	-10
349	137	-15
349	153	-20
349	168	-25
349	183	-30
349	195	-35
349	207	-40
349	217	-45
349	225	-50
349	231	-55
349	255	-73.6374
350	0	0
350	1	.4
350	255	51.2
351	0	0
351	1	.4
351	255	51.2
1827	5	90
1827	6	85
1827	7	80
1827	8	75
1827	10	70
1827	11	65
1827	13	60
1827	15	55
1827	18	50
1827	21	45
1827	25	40
1827	30	35
1827	35	30
1827	42	25
1827	49	20
1827	58	15
1827	68	10
1827	80	5
1827	93	0
1827	107	-5
1827	122	-10
1827	137	-15
1827	153	-20
1827	168	-25
1827	183	-30
1827	195	-35
1827	207	-40
1827	217	-45
1827	225	-50
1827	231	-55
2453	18	-220
2453	34	-200
2453	49	-180
2453	64	-160
2453	77	-140
2453	89	-120
2453	100	-100
2453	111	-80
2453	121	-60
2453	131	-40
2453	140	-20
2453	148	0
2453	156	20
2453	164	40
2453	171	60
2453	178	80
2453	185	100
2453	197	140
2453	208	180
2453	219	220
2453	255	359
2321	5	90
2321	6	85
2321	7	80
2321	8	75
2321	10	70
2321	11	65
2321	13	60
2321	15	55
2321	18	50
2321	21	45
2321	25	40
2321	30	35
2321	35	30
2321	42	25
2321	49	20
2321	58	15
2321	68	10
2321	80	5
2321	93	0
2321	107	-5
2321	122	-10
2321	137	-15
2321	153	-20
2321	168	-25
2321	183	-30
2321	195	-35
2321	207	-40
2321	217	-45
2321	225	-50
2321	231	-55
3135	0	0
3135	65535	65535
2868	0	0
2868	65520	1092
2322	18	-220
2322	34	-200
2322	49	-180
2322	64	-160
2322	77	-140
2322	89	-120
2322	100	-100
2322	111	-80
2322	121	-60
2322	131	-40
2322	140	-20
2322	148	0
2322	156	20
2322	164	40
2322	171	60
2322	178	80
2322	185	100
2322	197	140
2322	208	180
2322	219	220
2815	18	-220
2815	34	-200
2815	49	-180
2815	64	-160
2815	77	-140
2815	89	-120
2815	100	-100
2815	111	-80
2815	121	-60
2815	131	-40
2815	140	-20
2815	148	0
2815	156	20
2815	164	40
2815	171	60
2815	178	80
2815	185	100
2815	197	140
2815	208	180
2815	219	220
2816	18	-220
2816	34	-200
2816	49	-180
2816	64	-160
2816	77	-140
2816	89	-120
2816	100	-100
2816	111	-80
2816	121	-60
2816	131	-40
2816	140	-20
2816	148	0
2816	156	20
2816	164	40
2816	171	60
2816	178	80
2816	185	100
2816	197	140
2816	208	180
2816	219	220
2817	18	-220
2817	34	-200
2817	49	-180
2817	64	-160
2817	77	-140
2817	89	-120
2817	100	-100
2817	111	-80
2817	121	-60
2817	131	-40
2817	140	-20
2817	148	0
2817	156	20
2817	164	40
2817	171	60
2817	178	80
2817	185	100
2817	197	140
2817	208	180
2817	219	220
2818	18	-230
2818	34	-210
2818	49	-190
2818	64	-170
2818	77	-150
2818	89	-130
2818	100	-110
2818	111	-90
2818	121	-70
2818	131	-50
2818	140	-30
2818	148	-10
2818	156	10
2818	164	30
2818	171	50
2818	178	70
2818	185	90
2818	197	130
2818	208	170
2818	219	210
2819	18	-230
2819	34	-210
2819	49	-190
2819	64	-170
2819	77	-150
2819	89	-130
2819	100	-110
2819	111	-90
2819	121	-70
2819	131	-50
2819	140	-30
2819	148	-10
2819	156	10
2819	164	30
2819	171	50
2819	178	70
2819	185	90
2819	197	130
2819	208	170
2819	219	210
359	0	0
359	16	512
360	0	0
360	65536	100
361	0	100
361	1000	0
2454	0	-130.15
2454	1023	129.6
2455	0	-130.15
2455	1023	129.6
2456	0	-130.15
2456	1023	129.6
2457	0	-130.15
2457	1023	129.6
2458	0	-130.15
2458	1023	129.6
2459	0	-130.15
2459	1023	129.6
2460	0	-130.15
2460	1023	129.6
2461	0	-130.15
2461	1023	129.6
2462	0	-130.15
2462	1023	129.6
2463	0	-130.15
2463	1023	129.6
2464	0	-130.15
2464	1023	129.6
2465	0	-130.15
2465	1023	129.6
2466	0	-130.15
2466	1023	129.6
2467	0	-130.15
2467	1023	129.6
2468	0	-130.15
2468	1023	129.6
2469	0	-130.15
2469	1023	129.6
2470	0	-130.15
2470	1023	129.6
2471	0	-130.15
2471	1023	129.6
2472	0	-130.15
2472	1023	129.6
2473	0	-130.15
2473	1023	129.6
2474	0	-130.15
2474	1023	129.6
2475	0	-130.15
2475	1023	129.6
2476	0	-130.15
2476	1023	129.6
2477	0	-130.15
2477	1023	129.6
2478	0	-9.3
2478	1023	-21.6
2479	0	-9.3
2479	1023	-21.6
362	-32768	-137.4
362	32767	148.5
363	-32768	-.03
363	32767	30.63
364	-32768	-.01
364	32767	10.29
365	-32768	.01
365	32767	-15.55
366	-32768	-.01
366	32767	7.91
367	-32768	-.02
367	32767	7.92
368	-32768	.06
368	32767	-7.75
369	-32768	0
369	32767	25490.08
370	-32768	-.58
370	32767	31.475
371	-32768	-.67
371	32767	31.2
372	-32768	-2.19
372	32767	345.52
373	-32768	.1
373	32767	314.82
374	-32768	-.76
374	32767	295.19
375	-32768	-.48
375	32767	315.87
2480	-32768	-137.4
2480	32767	148.5
2481	-32768	-137.4
2481	32767	148.5
2482	-32768	-137.4
2482	32767	148.5
2483	-32768	-137.4
2483	32767	148.5
2484	-32768	-137.4
2484	32767	148.5
2485	-32768	-137.4
2485	32767	148.5
2486	-32768	-139.86
2486	32767	149.07
376	0	-60
376	255	79.99
377	0	-60
377	255	79.99
378	0	0
378	255	36.44
379	0	0
379	255	36.19
380	0	0
380	255	7.65
381	0	0
381	255	5.1
382	0	0
382	255	20.4
383	0	0
383	255	-20.4
384	0	-40.56
384	255	4620.84
385	0	-48.86
385	255	4729.84
386	0	-91.16
386	255	6138.49
387	0	3.95
387	255	911.75
388	0	-86.17
388	255	676.28
389	0	-23.23
389	255	690.77
390	-32768	-137.37
390	32767	148.11
391	-32768	-.03
391	32767	30.58
392	-32768	-.01
392	32767	10.28
393	-32768	.014
393	32767	-15.53
394	-32768	-.01
394	32767	7.91
395	-32768	-.01
395	32767	7.91
396	-32768	.01
396	32767	-7.75
397	-32768	0
397	32767	25440.6
398	-32768	-.16
398	32767	31.84
399	-32768	-1.02
399	32767	31.95
400	-32768	-.24
400	32767	346.09
401	-32768	.33
401	32767	315.22
402	-32768	-1.11
402	32767	294.34
403	-32768	.12
403	32767	316.146
2487	-32768	-137.37
2487	32767	148.11
2488	-32768	-137.37
2488	32767	148.11
2489	-32768	-137.37
2489	32767	148.11
2490	-32768	-137.37
2490	32767	148.11
2491	-32768	-137.37
2491	32767	148.11
2492	-32768	-137.37
2492	32767	148.11
2493	-32768	-137.19
2493	32767	149.43
404	0	0
404	65535	8191.875
405	5	90
405	6	85
405	7	80
405	8	75
405	10	70
405	11	65
405	13	60
405	15	55
405	18	50
405	21	45
405	25	40
405	30	35
405	35	30
405	42	25
405	49	20
405	0	123
405	58	15
405	68	10
405	80	5
405	93	0
405	107	-5
405	122	-10
405	137	-15
405	153	-20
405	168	-25
405	183	-30
405	195	-35
405	207	-40
405	217	-45
405	225	-50
405	231	-55
405	255	-73.6374
2413	10	70
2413	107	-5
2413	11	65
2413	122	-10
2413	13	60
2413	137	-15
2413	15	55
2413	153	-20
2413	168	-25
2413	18	50
2413	183	-30
2413	195	-35
2413	207	-40
2413	21	45
2413	217	-45
2413	225	-50
2413	231	-55
2413	25	40
2413	255	-73.6374
2413	30	35
2413	35	30
2413	42	25
2413	49	20
2413	5	90
2413	58	15
2413	6	85
2413	68	10
2413	7	80
2413	8	75
2413	80	5
2413	93	0
3125	100	-100
3125	111	-80
3125	121	-60
3125	131	-40
3125	140	-20
3125	148	0
3125	156	20
3125	164	40
3125	171	60
3125	178	80
3125	18	-220
3125	185	100
3125	197	140
3125	208	180
3125	219	220
3125	34	-200
3125	49	-180
3125	64	-160
3125	77	-140
3125	89	-120
406	5	90
406	6	85
406	7	80
406	8	75
406	10	70
406	11	65
406	13	60
406	15	55
406	18	50
406	21	45
406	25	40
406	30	35
406	35	30
406	42	25
406	49	20
406	58	15
406	68	10
406	80	5
406	93	0
406	107	-5
406	122	-10
406	137	-15
406	153	-20
406	168	-25
406	183	-30
406	195	-35
406	207	-40
406	217	-45
406	225	-50
406	231	-55
2323	1	6.48
2323	2	10.99
2323	3	13.63
2323	4	15.51
2323	36	30
2323	43	31
2323	0	0
2323	50	32
2323	55	32.58
2323	59	33
2323	69	34
2323	80	35
2323	93	36
2323	108	37
2323	124	38
2324	1	-23.87
2324	2	-19.52
2324	3	-16.97
2324	4	-15.16
2324	0	-40
2324	61	2
2324	66	2.5
2324	71	3
2324	78	3.5
2324	80	3.69
2324	85	4
2324	91	4.5
2324	99	5
2324	107	5.5
2324	115	6
3185	1	-23.87
3185	2	-19.52
3185	3	-16.97
3185	4	-15.16
3185	0	-40
3185	61	2
3185	66	2.5
3185	71	3
3185	78	3.5
3185	80	3.69
3185	85	4
3185	91	4.5
3185	99	5
3185	107	5.5
3185	115	6
2325	15	0
2325	16	.944
2325	0	0
2325	255	15.045
407	-21	739.7
407	-30	624.76
407	28	838.49
407	79	937.57
407	92	962.62
407	146	1067.58
407	194	1162.87
407	238	1277.82
407	241	1376.86
407	241	1380.1
408	1	0
408	8	.1
408	13	.2
408	18	.3
408	23	.4
408	28	.5
408	33	.6
408	38	.7
408	44	.8
408	48	.9
408	0	0
408	53	1
408	78	1.5
408	103	2
408	129	2.5
408	153	3
408	178	3.5
408	203	4
409	5	90
409	6	85
409	7	80
409	8	75
409	10	70
409	11	65
409	13	60
409	15	55
409	18	50
409	21	45
409	25	40
409	30	35
409	35	30
409	42	25
409	49	20
409	58	15
409	68	10
409	80	5
409	93	0
409	107	-5
409	122	-10
409	137	-15
409	153	-20
409	168	-25
409	183	-30
409	195	-35
409	207	-40
409	217	-45
409	225	-50
409	231	-55
410	-30	728.05
410	-30	639.6
410	1	813.94
410	59	926.52
410	164	1130.3
410	203	1208.1
410	242	1312.4
410	242	1400
411	3	0
411	8	.1
411	13	.2
411	18	.3
411	23	.4
411	28	.5
411	34	.6
411	38	.7
411	44	.8
411	48	.9
411	0	0
411	54	1
411	79	1.5
411	104	2
411	129	2.5
411	154	3
411	179	3.5
411	193	3.8
2494	1010	-140
2494	1126	-141
2494	1233	-142
2494	1427	-143
2494	1609	-144
2494	177	-126
2494	1770	-145
2494	202	-127
2494	2085	-146
2494	225	-128
2494	2417	-147
2494	256	-129
2494	283	-130
2494	2855	-148
2494	322	-131
2494	3414	-149
2494	360	-132
2494	4065	-150
2494	409	-133
2494	465	-134
2494	4687	-151
2494	4967	-152
2494	527	-135
2494	590	-136
2494	676	-137
2494	6795	-153
2494	768	-138
2494	858	-139
2495	1017	-120
2495	1297	-122
2495	143	-70
2495	144	-80
2495	1456	-123
2495	146	-85
2495	149	-90
2495	155	-95
2495	1655	-124
2495	177	-100
2495	184	-101
2495	203	-103
2495	2095	-126
2495	217	-104
2495	228	-105
2495	2363	-127
2495	246	-106
2495	2646	-128
2495	268	-107
2495	3006	-129
2495	318	-109
2495	351	-110
2495	3794	-131
2495	390	-111
2495	4291	-132
2495	479	-113
2495	4826	-133
2495	535	-114
2495	566	-115
2495	636	-116
2495	718	-117
2495	902	-119
2496	1065	-140
2496	1236	-141
2496	1368	-142
2496	1523	-143
2496	1782	-144
2496	194	-126
2496	2003	-145
2496	223	-127
2496	2311	-146
2496	242	-128
2496	271	-129
2496	2811	-147
2496	303	-130
2496	3158	-148
2496	338	-131
2496	3607	-149
2496	383	-132
2496	425	-133
2496	4364	-150
2496	495	-134
2496	5009	-151
2496	564	-135
2496	647	-136
2496	737	-137
2496	842	-138
2496	952	-139
2497	1078	-121
2497	1210	-122
2497	126	-70
2497	128	-80
2497	129	-85
2497	132	-90
2497	1361	-123
2497	140	-95
2497	159	-100
2497	174	-102
2497	1744	-125
2497	184	-103
2497	2036	-126
2497	211	-105
2497	227	-106
2497	2292	-127
2497	248	-107
2497	2490	-128
2497	263	-108
2497	2817	-129
2497	315	-110
2497	3178	-130
2497	347	-111
2497	384	-112
2497	3939	-132
2497	426	-113
2497	4532	-133
2497	534	-115
2497	598	-116
2497	676	-117
2497	856	-119
2497	959	-120
2820	1	6.55
2820	2	11.06
2820	3	13.7
2820	4	15.57
2820	36	30
2820	43	31
2820	0	-10
2820	50	32
2820	55	32.61
2820	59	33
2820	69	34
2820	80	35
2820	93	36
2820	108	37
2820	125	38
2820	144	39
2820	165	39.75
2820	171	40
2821	1	-28.48
2821	2	-20.78
2821	3	-20.7800001
2821	4	-18.76
2821	0	-40
2821	77	2
2821	80	2.23
2821	83	2.5
2821	89	3
2821	96	3.5
2821	103	4
2821	110	4.5
2821	119	5
2821	128	5.5
2821	138	6
2821	148	6.5
2821	159	7
2821	168	7.5
2821	180	8
2821	196	8.5
2822	15	0
2822	16	.944
2822	0	0
2822	255	15.045
412	5	90
412	6	85
412	7	80
412	8	75
412	10	70
412	11	65
412	13	60
412	15	55
412	18	50
412	21	45
412	25	40
412	30	35
412	35	30
412	42	25
412	49	20
412	58	15
412	68	10
412	80	5
412	93	0
412	107	-5
412	122	-10
412	137	-15
412	153	-20
412	168	-25
412	183	-30
412	195	-35
412	207	-40
412	217	-45
412	225	-50
412	231	-55
413	5	90
413	6	85
413	7	80
413	8	75
413	10	70
413	11	65
413	13	60
413	15	55
413	18	50
413	21	45
413	25	40
413	30	35
413	35	30
413	42	25
413	49	20
413	58	15
413	68	10
413	80	5
413	93	0
413	107	-5
413	122	-10
413	137	-15
413	153	-20
413	168	-25
413	183	-30
413	195	-35
413	207	-40
413	217	-45
413	225	-50
413	231	-55
2637	1029	-142
2637	1198	-143
2637	1375	-144
2637	1648	-145
2637	1821	-146
2637	198	-128
2637	2074	-147
2637	226	-129
2637	2524	-148
2637	263	-130
2637	2784	-149
2637	280	-131
2637	322	-132
2637	3582	-150
2637	379	-133
2637	408	-134
2637	472	-135
2637	4864	-151
2637	507	-136
2637	553	-137
2637	613	-138
2637	704	-139
2637	802	-140
2637	937	-141
2638	1255	-124
2638	134	-70
2638	135	-75
2638	136	-80
2638	137	-85
2638	139	-90
2638	1424	-125
2638	144	-95
2638	157	-100
2638	1610	-126
2638	163	-101
2638	169	-102
2638	176	-103
2638	1806	-127
2638	186	-104
2638	201	-106
2638	2039	-128
2638	231	-108
2638	2318	-129
2638	2632	-130
2638	276	-110
2638	3044	-131
2638	335	-112
2638	3403	-132
2638	3761	-133
2638	413	-114
2638	4425	-134
2638	4841	-135
2638	485	-116
2638	610	-118
2638	772	-120
2638	985	-122
2639	1013	-142
2639	1186	-143
2639	1337	-144
2639	1506	-145
2639	1736	-146
2639	193	-128
2639	2007	-147
2639	218	-129
2639	2318	-148
2639	239	-130
2639	2663	-149
2639	271	-131
2639	305	-132
2639	3162	-150
2639	351	-133
2639	3831	-151
2639	385	-134
2639	4348	-152
2639	443	-135
2639	498	-136
2639	5101	-153
2639	5452	-154
2639	584	-137
2639	653	-138
2639	738	-139
2639	798	-140
2639	900	-141
2640	120	-70
2640	1207	-124
2640	121	-80
2640	122	-85
2640	124	-90
2640	130	-95
2640	1357	-125
2640	143	-100
2640	148	-101
2640	163	-103
2640	1709	-127
2640	172	-104
2640	1926	-128
2640	198	-106
2640	214	-107
2640	2179	-129
2640	254	-109
2640	2785	-131
2640	283	-110
2640	286	-111
2640	3163	-132
2640	349	-113
2640	3653	-133
2640	4033	-134
2640	438	-115
2640	4578	-135
2640	492	-116
2640	618	-118
2640	702	-119
2640	795	-120
2640	831	-121
2640	933	-122
2502	0	0
2502	2147483647	57421296.27326
2502	2147483648	-57421296.2732
2502	4294967295	-.026738874754
415	1632	125.38
415	996	-30.13
416	1632	125.38
416	996	-30.13
417	0	0
417	2253	5.5
418	0	0
418	4095	10
419	0	60
419	4095	100
420	0	0
420	3686	17.99
421	0	0
421	4095	2
422	0	0
422	3071	14.99
423	0	0
423	1023	102.3
424	32768	.0029
424	56745	18.1152
425	32768	.0097
425	49024	19.8583
426	32767	0
426	49918	5.25
427	32769	0
427	53247	12.6
428	12176	-12.6443
428	32768	.0002
429	32768	-.0011
429	50026	21.0657
430	32768	0
430	52491	24
431	35798	-199.9403458
431	37000	-182.8506851
431	39000	-153.9088554
431	41000	-124.3995705
431	43000	-94.39929581
431	45000	-63.97926521
431	47000	-33.19682789
431	49000	-2.097096026
431	51000	29.29770409
431	53000	60.99053633
431	54500	84.96094116
431	55460	100.3942847
432	32768	0
432	36372	.0055
433	32105	-.1014
433	39322	1.0009
434	32637	-.1003
434	53125	15.5702
435	32440	-.0981
435	49152	5.0174
436	32440	-.0981
436	49152	5.0174
437	32768	0
437	39977	.0055
438	16384	-.0251
438	49152	.0251
439	0	94
439	15	109
440	0	41
440	15	56
441	0	0
441	4095	1
441	4096	0
441	8191	-1
442	0	0
442	4095	1
443	38350	372.4384
443	39000	356.1867
443	40000	330.9836
443	41000	305.5745
443	42000	279.999
443	43000	254.2554
443	44000	228.2713
443	45000	201.9273
443	46000	175.1016
443	47000	147.6577
443	47500	133.6273
443	48000	119.3145
443	48500	104.6316
443	49000	89.4648
443	49500	73.6432
443	50000	56.9426
443	50555	37.5033
444	0	.0053
444	12000	3.7138
445	0	-1.113
445	18000	5.6964
446	0	-169.2
446	17000	14.23
447	0	-1.97
447	12000	4.03
448	0	.0035
448	11000	3.4036
449	0	.0085
449	65535	20.43576
450	13700	10.8431
450	16900	13.3487
451	15200	18.931
451	18700	23.271
452	-13900	-10.8648
452	-17000	-13.289
453	10000	7.815
453	12200	9.531
454	0	.02
454	2000	13.32
455	0	.037
455	200	.657
456	250	85.25
456	450	147.85
457	500	71.87
457	800	118.91
458	70	2.187
458	800	26.35
459	1000	129.6
459	70	-8.97
460	0	-223.35
460	1023	-198.1826
460	10239	47.1345
460	11263	76.4577
460	12287	106.194
460	13312	136.373
460	14335	166.906
460	2047	-172.5777
460	3071	-146.5597
460	4095	-120.1285
460	5119	-93.2842
460	6143	-66.0267
460	7167	-38.3561
460	8191	-10.2724
460	9215	18.2245
461	0	-225.55
461	1023	-200.2814
461	10239	45.8536
461	11263	75.2571
461	12287	105.0717
461	13312	135.327
461	14335	165.934
461	2047	-174.5772
461	3071	-148.462
461	4095	-121.9358
461	5119	-94.9985
461	6143	-67.6502
461	7167	-39.8908
461	8191	-11.7204
461	9215	16.8611
462	0	-223.55
462	1023	-198.3816
462	10239	47.0393
462	11263	76.3845
462	12287	106.1449
462	13312	136.3503
462	14335	166.9115
462	2047	-172.7735
462	3071	-146.7503
462	4095	-120.3117
462	5119	-93.458
462	6143	-66.189
462	7167	-38.5048
462	8191	-10.4053
462	9215	18.1094
463	0	-265.85
463	1023	-241.2985
463	10239	-1.7186
463	11263	26.9462
463	12287	56.0198
463	13312	85.5314
463	14335	115.394
463	2047	-216.3143
463	3071	-190.9211
463	4095	-165.119
463	5119	-138.908
463	6143	-112.288
463	7167	-85.2591
463	8191	-57.8212
463	9215	-29.9743
464	0	-224.15
464	1023	-198.98
464	10239	46.23
464	11263	75.53
464	12287	105.24
464	13312	135.4
464	14335	165.9
464	2047	-173.38
464	3071	-147.37
464	4095	-120.95
464	5119	-94.11
464	6143	-66.86
464	7167	-39.21
464	8191	-11.14
464	9215	17.34
465	0	-223.15
465	1023	-197.9795
465	10239	47.649
465	11263	77.0382
465	12287	106.8469
465	13312	137.1047
465	14335	167.7224
465	2047	-172.3652
465	3071	-146.3314
465	4095	-119.8782
465	5119	-93.0056
465	6143	-65.7135
465	7167	-38.002
465	8191	-9.8711
465	9215	18.6792
466	0	-223.75
466	1023	-198.5795
466	10239	47.049
466	11263	76.4382
466	12287	106.2469
466	13312	136.5047
466	14335	167.1224
466	2047	-172.9652
466	3071	-146.9314
466	4095	-120.4782
466	5119	-93.6056
466	6143	-66.3135
466	7167	-38.602
466	8191	-10.4711
466	9215	18.0792
467	0	-497
467	1023	-419.4526308
467	10239	48.91112476
467	11263	75.36628764
467	12287	96.70439964
467	13312	112.9388006
467	14335	124.029471
467	2047	-346.94401
467	3071	-279.55244
467	4095	-217.277921
467	5119	-160.1204528
467	6143	-108.0800356
467	7167	-61.15666916
467	8191	-19.35035364
467	9215	17.338911
2545	35798	-199.9081497
2545	37000	-182.7991714
2545	39000	-153.8267555
2545	41000	-124.2884941
2545	43000	-94.25602341
2545	45000	-63.80379677
2545	47000	-32.9891634
2545	49000	-1.856682122
2545	51000	29.57133266
2545	53000	61.29806274
2545	54500	85.29407857
2545	55460	100.744453
2641	0	60
2641	4095	100
2642	0	0
2642	3686	17.99
2643	0	0
2643	4095	2
2644	0	0
2644	3071	14.99
2645	32440	-.0982
2645	49152	5.0122
2646	32440	-.0981
2646	49152	5.0174
2647	32105	-.1014
2647	39322	1.0031
2648	32637	-.1003
2648	53125	15.6097
2649	0	0
2649	65535	6535.5
2650	0	-36
2650	65535	35.9968
2651	0	-36
2651	65535	35.9968
2652	0	0
2652	65535	71.9968
2653	0	0
2653	255	255
2654	0	38
2654	63	-13
2655	0	0
2655	1023	61380
2656	0	38
2656	255	15300
2657	0	2.012
2657	4095	4.0145
2658	0	.003
2658	4095	4.996
2659	0	0
2659	255	3.57
2660	0	0
2660	255	25
2878	0	0
2878	255	25
2661	0	0
2661	255	25
2662	0	0
2662	255	120
2663	0	0
2663	63	630
2664	0	0
2664	127	127
2665	0	0
2665	15	30
2666	0	0
2666	255	15300
2823	0	291
2823	1023	297.2084
2823	10239	184.2297
2823	11263	152.9069
2823	12287	117.8303
2823	13312	78.9601
2823	14335	36.4154
2823	2047	299.6708
2823	3071	298.3793
2823	4095	293.3339
2823	5119	284.5347
2823	6143	271.9815
2823	7167	255.6744
2823	8191	235.6134
2823	9215	211.7985
2326	18	-220
2326	34	-200
2326	49	-180
2326	64	-160
2326	77	-140
2326	89	-120
2326	100	-100
2326	111	-80
2326	121	-60
2326	131	-40
2326	140	-20
2326	148	0
2326	156	20
2326	164	40
2326	171	60
2326	178	80
2326	185	100
2326	197	140
2326	208	180
2326	219	220
