2359	0	0
2359	655.35	65535
2360	0	0
2360	655.35	65535
2361	0	0
2361	655.35	65535
2362	0	0
2362	655.35	65535
2363	0	0
2363	219.9015	4095
485	.01	1
485	10.01	1003
485	5.1	510
485	5.11	511
485	5.11	513
485	5.16	514
485	5.16	518
485	5.21	519
485	5.21	523
485	5.26	524
485	5.26	528
485	5.31	529
485	5.31	533
485	5.36	534
485	5.36	538
485	5.41	539
485	5.41	543
485	5.46	544
485	5.46	548
485	5.51	549
485	5.51	553
485	5.56	554
485	5.56	558
485	5.61	559
485	5.61	563
485	5.66	564
485	5.66	568
485	5.71	569
485	5.71	573
485	5.76	574
485	5.76	578
485	5.81	579
485	5.81	583
485	5.86	584
485	5.86	588
485	5.91	589
485	5.91	593
485	5.96	594
485	5.96	598
485	6.01	599
485	6.01	603
485	6.06	604
485	6.06	608
485	6.11	609
485	6.11	613
485	6.16	614
485	6.16	618
485	6.21	619
485	6.21	623
485	6.26	624
485	6.26	628
485	6.31	629
485	6.31	633
485	6.36	634
485	6.36	638
485	6.41	639
485	6.41	643
485	6.46	644
485	6.46	648
485	6.51	649
485	6.51	653
485	6.56	654
485	6.56	658
485	6.61	659
485	6.61	663
485	6.66	664
485	6.66	668
485	6.71	669
485	6.71	673
485	6.76	674
485	6.76	678
485	6.81	679
485	6.81	683
485	6.86	684
485	6.86	688
485	6.91	689
485	6.91	693
485	6.96	694
485	6.96	698
485	7.01	699
485	7.01	703
485	7.06	704
485	7.06	708
485	7.11	709
485	7.11	713
485	7.16	714
485	7.16	718
485	7.21	719
485	7.21	723
485	7.26	724
485	7.26	728
485	7.31	729
485	7.31	733
485	7.36	734
485	7.36	738
485	7.41	739
485	7.41	743
485	7.46	744
485	7.46	748
485	7.51	749
485	7.51	753
485	7.56	754
485	7.56	758
485	7.61	759
485	7.61	763
485	7.66	764
485	7.66	768
485	7.71	769
485	7.71	773
485	7.76	774
485	7.76	778
485	7.81	779
485	7.81	783
485	7.86	784
485	7.86	788
485	7.91	789
485	7.91	793
485	7.96	794
485	7.96	798
485	8.01	799
485	8.01	803
485	8.06	804
485	8.06	808
485	8.11	809
485	8.11	813
485	8.16	814
485	8.16	818
485	8.21	819
485	8.21	823
485	8.26	824
485	8.26	828
485	8.31	829
485	8.31	833
485	8.36	834
485	8.36	838
485	8.41	839
485	8.41	843
485	8.46	844
485	8.46	848
485	8.51	849
485	8.51	853
485	8.56	854
485	8.56	858
485	8.61	859
485	8.61	863
485	8.66	864
485	8.66	868
485	8.71	869
485	8.71	873
485	8.76	874
485	8.76	878
485	8.81	879
485	8.81	883
485	8.86	884
485	8.86	888
485	8.91	889
485	8.91	893
485	8.96	894
485	8.96	898
485	9.01	899
485	9.01	903
485	9.06	904
485	9.06	908
485	9.11	909
485	9.11	913
485	9.16	914
485	9.16	918
485	9.21	919
485	9.21	923
485	9.26	924
485	9.26	928
485	9.31	929
485	9.31	933
485	9.36	934
485	9.36	938
485	9.41	939
485	9.41	943
485	9.46	944
485	9.46	948
485	9.51	949
485	9.51	953
485	9.56	954
485	9.56	958
485	9.61	959
485	9.61	963
485	9.66	964
485	9.66	968
485	9.71	969
485	9.71	973
485	9.76	974
485	9.76	978
485	9.81	979
485	9.81	983
485	9.86	984
485	9.86	988
485	9.91	989
485	9.91	993
485	9.96	994
485	9.96	998
485	10.01	999
29	0	0
29	-1.157	23
29	-6.627	255
33	-33.27	0
33	27.02	106
33	-18.26	11
33	39.9	142
33	-11.93	19
33	80.11	255
33	-5.71	29
33	1.07	42
33	-25.35	5
33	14.13	72
34	0	0
34	3	255
2770	70	10
2770	-5	107
2770	65	11
2770	-10	122
2770	60	13
2770	-15	137
2770	55	15
2770	-20	153
2770	-25	168
2770	50	18
2770	-30	183
2770	-35	195
2770	-40	207
2770	45	21
2770	-45	217
2770	-50	225
2770	-55	231
2770	40	25
2770	35	30
2770	30	35
2770	25	42
2770	20	49
2770	90	5
2770	15	58
2770	85	6
2770	10	68
2770	80	7
2770	75	8
2770	5	80
2770	0	93
2771	70	10
2771	-5	107
2771	65	11
2771	-10	122
2771	60	13
2771	-15	137
2771	55	15
2771	-20	153
2771	-25	168
2771	50	18
2771	-30	183
2771	-35	195
2771	-40	207
2771	45	21
2771	-45	217
2771	-50	225
2771	-55	231
2771	40	25
2771	35	30
2771	30	35
2771	25	42
2771	20	49
2771	90	5
2771	15	58
2771	85	6
2771	10	68
2771	80	7
2771	75	8
2771	5	80
2771	0	93
2772	70	10
2772	-5	107
2772	65	11
2772	-10	122
2772	60	13
2772	-15	137
2772	55	15
2772	-20	153
2772	-25	168
2772	50	18
2772	-30	183
2772	-35	195
2772	-40	207
2772	45	21
2772	-45	217
2772	-50	225
2772	-55	231
2772	40	25
2772	-74	255
2772	35	30
2772	30	35
2772	25	42
2772	20	49
2772	90	5
2772	15	58
2772	85	6
2772	10	68
2772	80	7
2772	75	8
2772	5	80
2772	0	93
2412	70	10
2412	-5	107
2412	65	11
2412	-10	122
2412	60	13
2412	-15	137
2412	55	15
2412	-20	153
2412	-25	168
2412	50	18
2412	-30	183
2412	-35	195
2412	-40	207
2412	45	21
2412	-45	217
2412	-50	225
2412	-55	231
2412	40	25
2412	35	30
2412	30	35
2412	25	42
2412	20	49
2412	90	5
2412	15	58
2412	85	6
2412	10	68
2412	80	7
2412	75	8
2412	5	80
2412	0	93
2773	-100	100
2773	-80	111
2773	-60	121
2773	-40	131
2773	-20	140
2773	0	148
2773	20	156
2773	40	164
2773	60	171
2773	80	178
2773	-220	18
2773	100	185
2773	140	197
2773	180	208
2773	220	219
2773	360	255
2773	-200	34
2773	-180	49
2773	-160	64
2773	-140	77
2773	-120	89
2774	70	10
2774	-5	107
2774	65	11
2774	-10	122
2774	60	13
2774	-15	137
2774	55	15
2774	-20	153
2774	-25	168
2774	50	18
2774	-30	183
2774	-35	195
2774	-40	207
2774	45	21
2774	-45	217
2774	-50	225
2774	-55	231
2774	40	25
2774	35	30
2774	30	35
2774	25	42
2774	20	49
2774	90	5
2774	15	58
2774	85	6
2774	10	68
2774	80	7
2774	75	8
2774	5	80
2774	0	93
45	1	0
45	2	1
45	4	2
45	8	3
45	16	4
45	32	5
45	64	6
45	128	7
45	256	8
1605	0	0
1605	32	1
1605	64	2
1605	96	3
1605	128	4
1605	160	5
1605	256	6
1606	32	0
1606	64	1
1606	128	2
1606	256	3
1606	512	4
1606	1024	5
1606	2048	6
1606	4096	7
2702	0	0
2702	5.1	255
2364	32	0
2364	512	15
2365	1	0
2365	1024	1023
2366	4	0
2366	4096	1023
2367	0	0
2367	524280	65535
2636	0	0
2636	1310700	65535
3138	5	103
3138	0	118
3138	74	13
3138	-5	132
3138	70	14
3138	-10	147
3138	65	16
3138	-15	162
3138	-20	176
3138	-25	189
3138	60	19
3138	58	20
3138	56	22
3138	50	26
3138	45	31
3138	40	36
3138	35	42
3138	30	49
3138	27	54
3138	25	58
3138	23	61
3138	21	65
3138	19	69
3138	17	74
3138	15	78
3138	13	83
3138	11	88
3138	9	93
3138	7	97
3146	123	0
3146	70	10
3146	-5	107
3146	65	11
3146	-10	122
3146	60	13
3146	-15	137
3146	55	15
3146	-20	153
3146	-25	168
3146	50	18
3146	-30	183
3146	-35	195
3146	-40	207
3146	45	21
3146	-45	217
3146	-50	225
3146	-55	231
3146	40	25
3146	-73.6374	255
3146	35	30
3146	30	35
3146	25	42
3146	20	49
3146	90	5
3146	15	58
3146	85	6
3146	10	68
3146	80	7
3146	75	8
3146	5	80
3146	0	93
56	0	0
56	65535	65535
1608	0	0
1608	65535	65535
57	-10	-32768
57	10	32767
59	-273	0
59	101.5261202	32767
60	-30	-32768
60	30	32767
63	21	0
63	2752491	65535
65	0	0
65	100	65535
66	0	0
66	2999559.389	65535
1610	0	0
1610	45.769644	65535
1611	-100	-32768
1611	100	32767
3235	5	0
3235	5105	65535
2775	-100	100
2775	-80	111
2775	-60	121
2775	-40	131
2775	-20	140
2775	0	148
2775	20	156
2775	40	164
2775	60	171
2775	80	178
2775	-220	18
2775	100	185
2775	140	197
2775	180	208
2775	220	219
2775	-200	34
2775	-180	49
2775	-160	64
2775	-140	77
2775	-120	89
2776	70	10
2776	-5	107
2776	65	11
2776	-10	122
2776	60	13
2776	-15	137
2776	55	15
2776	-20	153
2776	-25	168
2776	50	18
2776	-30	183
2776	-35	195
2776	-40	207
2776	45	21
2776	-45	217
2776	-50	225
2776	-55	231
2776	40	25
2776	35	30
2776	30	35
2776	25	42
2776	20	49
2776	90	5
2776	15	58
2776	85	6
2776	10	68
2776	80	7
2776	75	8
2776	5	80
2776	0	93
2703	0	0
2703	35.40999735	4095
2704	-.3958079809	0
2704	39.2644025636	4095
2705	-.3703391051	0
2705	39.1952671114	4095
2706	.0023548291	0
2706	30.1093771381	4095
2707	.0003809099	0
2707	29.9244377999	4095
2708	.0068894829	0
2708	30.0113631639	4095
2709	-.21371	0
2709	6.62998	255
2710	-.19904	0
2710	6.60232	255
2711	-.04402	0
2711	1.306715	255
2712	-.04382	0
2712	1.300795	255
2713	-.15514	0
2713	3.63671	255
2714	-.15429	0
2714	3.59268	255
2715	-.05286	0
2715	1.74438	255
2716	-.049	0
2716	1.736	255
2717	-.212562	0
2717	6.562788	255
2718	-.065904	0
2718	2.558811	255
2719	-.041067	0
2719	1.299723	255
2720	-.225919	0
2720	6.551726	255
2721	-.071692	0
2721	2.540018	255
2722	-.047848	0
2722	1.307732	255
2777	70	10
2777	-5	107
2777	65	11
2777	-10	122
2777	60	13
2777	-15	137
2777	55	15
2777	-20	153
2777	-25	168
2777	50	18
2777	-30	183
2777	-35	195
2777	-40	207
2777	45	21
2777	-45	217
2777	-50	225
2777	-55	231
2777	40	25
2777	35	30
2777	30	35
2777	25	42
2777	20	49
2777	90	5
2777	15	58
2777	85	6
2777	10	68
2777	80	7
2777	75	8
2777	5	80
2777	0	93
2778	70	10
2778	-5	107
2778	65	11
2778	-10	122
2778	60	13
2778	-15	137
2778	55	15
2778	-20	153
2778	-25	168
2778	50	18
2778	-30	183
2778	-35	195
2778	-40	207
2778	45	21
2778	-45	217
2778	-50	225
2778	-55	231
2778	40	25
2778	35	30
2778	30	35
2778	25	42
2778	20	49
2778	90	5
2778	15	58
2778	85	6
2778	10	68
2778	80	7
2778	75	8
2778	5	80
2778	0	93
2779	70	10
2779	-5	107
2779	65	11
2779	-10	122
2779	60	13
2779	-15	137
2779	55	15
2779	-20	153
2779	-25	168
2779	50	18
2779	-30	183
2779	-35	195
2779	-40	207
2779	45	21
2779	-45	217
2779	-50	225
2779	-55	231
2779	40	25
2779	35	30
2779	30	35
2779	25	42
2779	20	49
2779	90	5
2779	15	58
2779	85	6
2779	10	68
2779	80	7
2779	75	8
2779	5	80
2779	0	93
2780	70	10
2780	-5	107
2780	65	11
2780	-10	122
2780	60	13
2780	-15	137
2780	55	15
2780	-20	153
2780	-25	168
2780	50	18
2780	-30	183
2780	-35	195
2780	-40	207
2780	45	21
2780	-45	217
2780	-50	225
2780	-55	231
2780	40	25
2780	35	30
2780	30	35
2780	25	42
2780	20	49
2780	90	5
2780	15	58
2780	85	6
2780	10	68
2780	80	7
2780	75	8
2780	5	80
2780	0	93
1612	0	2
1612	1	3
1613	0	4
1613	1	5
1614	0	6
1614	1	7
1615	0	8
1615	1	9
1616	0	10
1616	1	11
1617	0	12
1617	1	13
1618	0	14
1618	1	15
1619	0	16
1619	1	17
1620	0	18
1620	1	19
1621	0	20
1621	1	21
1622	0	22
1622	1	23
1623	0	24
1623	1	25
1624	0	28
1624	1	29
1625	0	30
1625	1	31
1626	0	32
1626	1	33
1627	0	34
1627	1	35
2905	0	36
2905	1	37
2906	0	38
2906	1	39
3184	0	40
3184	1	41
1628	0	176
1628	15	191
1629	0	192
1629	15	207
1630	0	208
1630	15	223
1631	0	224
1631	5	229
1632	0	240
1632	15	255
1633	0	256
1633	95	351
1634	0	512
1634	15	527
1635	0	768
1635	64	832
1636	0	1024
1636	255	1279
1637	0	1280
1637	255	1535
1638	0	2560
1638	39	2599
1639	0	3072
1639	16	3088
1640	0	4096
1640	7	4103
1641	0	8192
1641	15	8207
1642	0	12288
1642	7	12295
1643	0	16384
1643	7	16391
1644	0	20480
1644	7	20487
1645	0	24576
1645	4095	28671
1646	0	28672
1646	4095	32767
1647	0	32768
1647	4095	36863
1648	0	36864
1648	4095	40959
1649	0	40960
1649	4095	45055
1650	0	45056
1650	4095	49151
1651	0	49152
1651	4095	53247
1652	0	53248
1652	4095	57343
2781	70	10
2781	-5	107
2781	65	11
2781	-10	122
2781	60	13
2781	-15	137
2781	55	15
2781	-20	153
2781	-25	168
2781	50	18
2781	-30	183
2781	-35	195
2781	-40	207
2781	45	21
2781	-45	217
2781	-50	225
2781	-55	231
2781	40	25
2781	35	30
2781	30	35
2781	25	42
2781	20	49
2781	90	5
2781	15	58
2781	85	6
2781	10	68
2781	80	7
2781	75	8
2781	5	80
2781	0	93
2782	70	10
2782	-5	107
2782	65	11
2782	-10	122
2782	60	13
2782	-15	137
2782	55	15
2782	-20	153
2782	-25	168
2782	50	18
2782	-30	183
2782	-35	195
2782	-40	207
2782	45	21
2782	-45	217
2782	-50	225
2782	-55	231
2782	40	25
2782	-73.6374	255
2782	35	30
2782	30	35
2782	25	42
2782	20	49
2782	90	5
2782	15	58
2782	85	6
2782	10	68
2782	80	7
2782	75	8
2782	5	80
2782	0	93
2783	70	10
2783	-5	107
2783	65	11
2783	-10	122
2783	60	13
2783	-15	137
2783	55	15
2783	-20	153
2783	-25	168
2783	50	18
2783	-30	183
2783	-35	195
2783	-40	207
2783	45	21
2783	-45	217
2783	-50	225
2783	-55	231
2783	40	25
2783	35	30
2783	30	35
2783	25	42
2783	20	49
2783	90	5
2783	15	58
2783	85	6
2783	10	68
2783	80	7
2783	75	8
2783	5	80
2783	0	93
2784	-100	100
2784	-80	111
2784	-60	121
2784	-40	131
2784	-20	140
2784	0	148
2784	20	156
2784	40	164
2784	60	171
2784	80	178
2784	-220	18
2784	100	185
2784	140	197
2784	180	208
2784	220	219
2784	359	255
2784	-200	34
2784	-180	49
2784	-160	64
2784	-140	77
2784	-120	89
2785	70	10
2785	-5	107
2785	65	11
2785	-10	122
2785	60	13
2785	-15	137
2785	55	15
2785	-20	153
2785	-25	168
2785	50	18
2785	-30	183
2785	-35	195
2785	-40	207
2785	45	21
2785	-45	217
2785	-50	225
2785	-55	231
2785	40	25
2785	35	30
2785	30	35
2785	25	42
2785	20	49
2785	90	5
2785	15	58
2785	85	6
2785	10	68
2785	80	7
2785	75	8
2785	5	80
2785	0	93
2868	0	0
2868	1092	65520
3211	5	103
3211	0	118
3211	74	13
3211	-5	132
3211	70	14
3211	-10	147
3211	65	16
3211	-15	162
3211	-20	176
3211	-25	189
3211	60	19
3211	58	20
3211	56	22
3211	50	26
3211	45	31
3211	40	36
3211	35	42
3211	30	49
3211	27	54
3211	25	58
3211	23	61
3211	21	65
3211	19	69
3211	17	74
3211	15	78
3211	13	83
3211	11	88
3211	9	93
3211	7	97
2455	-130.15	0
2455	129.6	1023
2460	-130.15	0
2460	129.6	1023
2468	-130.15	0
2468	129.6	1023
2470	-130.15	0
2470	129.6	1023
2474	-130.15	0
2474	129.6	1023
2475	-130.15	0
2475	129.6	1023
2786	-100	100
2786	-80	111
2786	-60	121
2786	-40	131
2786	-20	140
2786	0	148
2786	20	156
2786	40	164
2786	60	171
2786	80	178
2786	-220	18
2786	100	185
2786	140	197
2786	180	208
2786	220	219
2786	-200	34
2786	-180	49
2786	-160	64
2786	-140	77
2786	-120	89
404	0	0
404	8191.875	65535
2413	70	10
2413	-5	107
2413	65	11
2413	-10	122
2413	60	13
2413	-15	137
2413	55	15
2413	-20	153
2413	-25	168
2413	50	18
2413	-30	183
2413	-35	195
2413	-40	207
2413	45	21
2413	-45	217
2413	-50	225
2413	-55	231
2413	40	25
2413	-73.6374	255
2413	35	30
2413	30	35
2413	25	42
2413	20	49
2413	90	5
2413	15	58
2413	85	6
2413	10	68
2413	80	7
2413	75	8
2413	5	80
2413	0	93
2787	70	10
2787	-5	107
2787	65	11
2787	-10	122
2787	60	13
2787	-15	137
2787	55	15
2787	-20	153
2787	-25	168
2787	50	18
2787	-30	183
2787	-35	195
2787	-40	207
2787	45	21
2787	-45	217
2787	-50	225
2787	-55	231
2787	40	25
2787	35	30
2787	30	35
2787	25	42
2787	20	49
2787	90	5
2787	15	58
2787	85	6
2787	10	68
2787	80	7
2787	75	8
2787	5	80
2787	0	93
2788	70	10
2788	-5	107
2788	65	11
2788	-10	122
2788	60	13
2788	-15	137
2788	55	15
2788	-20	153
2788	-25	168
2788	50	18
2788	-30	183
2788	-35	195
2788	-40	207
2788	45	21
2788	-45	217
2788	-50	225
2788	-55	231
2788	40	25
2788	35	30
2788	30	35
2788	25	42
2788	20	49
2788	90	5
2788	15	58
2788	85	6
2788	10	68
2788	80	7
2788	75	8
2788	5	80
2788	0	93
2789	70	10
2789	-5	107
2789	65	11
2789	-10	122
2789	60	13
2789	-15	137
2789	55	15
2789	-20	153
2789	-25	168
2789	50	18
2789	-30	183
2789	-35	195
2789	-40	207
2789	45	21
2789	-45	217
2789	-50	225
2789	-55	231
2789	40	25
2789	35	30
2789	30	35
2789	25	42
2789	20	49
2789	90	5
2789	15	58
2789	85	6
2789	10	68
2789	80	7
2789	75	8
2789	5	80
2789	0	93
2790	70	10
2790	-5	107
2790	65	11
2790	-10	122
2790	60	13
2790	-15	137
2790	55	15
2790	-20	153
2790	-25	168
2790	50	18
2790	-30	183
2790	-35	195
2790	-40	207
2790	45	21
2790	-45	217
2790	-50	225
2790	-55	231
2790	40	25
2790	35	30
2790	30	35
2790	25	42
2790	20	49
2790	90	5
2790	15	58
2790	85	6
2790	10	68
2790	80	7
2790	75	8
2790	5	80
2790	0	93
2791	-100	100
2791	-80	111
2791	-60	121
2791	-40	131
2791	-20	140
2791	0	148
2791	20	156
2791	40	164
2791	60	171
2791	80	178
2791	-220	18
2791	100	185
2791	140	197
2791	180	208
2791	220	219
2791	-200	34
2791	-180	49
2791	-160	64
2791	-140	77
2791	-120	89
